c1
4
-0.06451 0.5545
0.06451 0.5545
0.07049 0.6535
-0.07049 0.6535

5
botleft
4
-0.7475 -0.001
0 -0.001
0 0.001
-0.7475 0.001

botright
4
0 -0.001
1.1975 -0.001
1.1975 0.001
0 0.001

lEnv
4
-0.24451 0.5545
-0.11549 0.5545
-0.10951 0.6535
-0.25049 0.6535

c2
4
0.38549 0.5545
0.51451 0.5545
0.52049 0.6535
0.37951 0.6535

rEnv
4
0.56549 0.5545
0.69451 0.5545
0.70049 0.6535
0.55951 0.6535


57
FOXA+FOXB+TOX
7
-0.7476 0.001
-0.7475 0.001
0 0.001
1.1975 0.001
1.1976 0.001
1.1976 0.2665
-0.7476 0.2665
4

ILD1a
4
-0.7476 0.2665
1.1976 0.2665
1.1976 0.2765
-0.7476 0.2765
7

ILD1b1+ILD1b2+ILD1b3
4
-0.7476 0.2765
1.1976 0.2765
1.1976 0.3955
-0.7476 0.3955
4

IMD1a
4
-0.7476 0.3955
1.1976 0.3955
1.1976 0.4065
-0.7476 0.4065
5.2

IMD1b
4
-0.7476 0.4065
1.1976 0.4065
1.1976 0.4665
-0.7476 0.4665
2.8

IMD2a
4
-0.7476 0.4665
1.1976 0.4665
1.1976 0.4875
-0.7476 0.4875
5.2

IMD2b
4
-0.7476 0.4875
1.1976 0.4875
1.1976 0.5025
-0.7476 0.5025
4.2

IMD2c
4
-0.7476 0.5025
1.1976 0.5025
1.1976 0.5265
-0.7476 0.5265
3.28

IMD2d1
12
-0.7476 0.5265
1.1976 0.5265
1.1976 0.5445
0.703924 0.5445
0.556076 0.5445
0.523924 0.5445
0.376076 0.5445
0.073924 0.5445
-0.073924 0.5445
-0.106076 0.5445
-0.253924 0.5445
-0.7476 0.5445
2.65

IMD2d1
4
-0.7476 0.5445
-0.253924 0.5445
-0.254528 0.5545
-0.7476 0.5545
2.65

IMD2d1_damage
8
-0.253924 0.5445
-0.106076 0.5445
-0.105472 0.5545
-0.110481 0.5545
-0.11549 0.5545
-0.24451 0.5545
-0.249519 0.5545
-0.254528 0.5545
3.1

IMD2d1
4
-0.106076 0.5445
-0.073924 0.5445
-0.074528 0.5545
-0.105472 0.5545
2.65

IMD2d1_damage
8
-0.073924 0.5445
0.073924 0.5445
0.074528 0.5545
0.069519 0.5545
0.06451 0.5545
-0.06451 0.5545
-0.069519 0.5545
-0.074528 0.5545
3.1

IMD2d1
4
0.073924 0.5445
0.376076 0.5445
0.375472 0.5545
0.074528 0.5545
2.65

IMD2d1_damage
8
0.376076 0.5445
0.523924 0.5445
0.524528 0.5545
0.519519 0.5545
0.51451 0.5545
0.38549 0.5545
0.380481 0.5545
0.375472 0.5545
3.1

IMD2d1
4
0.523924 0.5445
0.556076 0.5445
0.555472 0.5545
0.524528 0.5545
2.65

IMD2d1_damage
8
0.556076 0.5445
0.703924 0.5445
0.704528 0.5545
0.699519 0.5545
0.69451 0.5545
0.56549 0.5545
0.560481 0.5545
0.555472 0.5545
3.1

IMD2d1
4
0.703924 0.5445
1.1976 0.5445
1.1976 0.5545
0.704528 0.5545
2.65

IMD2d2
5
-0.7476 0.5545
-0.254528 0.5545
-0.249519 0.5545
-0.255499 0.6535
-0.7476 0.6535
2.65

IMD2d2_damage
4
-0.249519 0.5545
-0.24451 0.5545
-0.25049 0.6535
-0.255499 0.6535
2.9

IMD2d2_damage
4
-0.11549 0.5545
-0.110481 0.5545
-0.104501 0.6535
-0.10951 0.6535
2.9

IMD2d2
6
-0.110481 0.5545
-0.105472 0.5545
-0.074528 0.5545
-0.069519 0.5545
-0.075499 0.6535
-0.104501 0.6535
2.65

IMD2d2_damage
4
-0.069519 0.5545
-0.06451 0.5545
-0.07049 0.6535
-0.075499 0.6535
2.9

IMD2d2_damage
4
0.06451 0.5545
0.069519 0.5545
0.075499 0.6535
0.07049 0.6535
2.9

IMD2d2
6
0.069519 0.5545
0.074528 0.5545
0.375472 0.5545
0.380481 0.5545
0.374501 0.6535
0.075499 0.6535
2.65

IMD2d2_damage
4
0.380481 0.5545
0.38549 0.5545
0.37951 0.6535
0.374501 0.6535
2.9

IMD2d2_damage
4
0.51451 0.5545
0.519519 0.5545
0.525499 0.6535
0.52049 0.6535
2.9

IMD2d2
6
0.519519 0.5545
0.524528 0.5545
0.555472 0.5545
0.560481 0.5545
0.554501 0.6535
0.525499 0.6535
2.65

IMD2d2_damage
4
0.560481 0.5545
0.56549 0.5545
0.55951 0.6535
0.554501 0.6535
2.9

IMD2d2_damage
4
0.69451 0.5545
0.699519 0.5545
0.705499 0.6535
0.70049 0.6535
2.9

IMD2d2
5
0.699519 0.5545
0.704528 0.5545
1.1976 0.5545
1.1976 0.6535
0.705499 0.6535
2.65

IMD3a
20
-0.7476 0.6535
-0.255499 0.6535
-0.25049 0.6535
-0.10951 0.6535
-0.104501 0.6535
-0.075499 0.6535
-0.07049 0.6535
0.07049 0.6535
0.075499 0.6535
0.374501 0.6535
0.37951 0.6535
0.52049 0.6535
0.525499 0.6535
0.554501 0.6535
0.55951 0.6535
0.70049 0.6535
0.705499 0.6535
1.1976 0.6535
1.1976 0.6745
-0.7476 0.6745
5.2

IMD3b
4
-0.7476 0.6745
1.1976 0.6745
1.1976 0.6895
-0.7476 0.6895
4.2

IMD3c
4
-0.7476 0.6895
1.1976 0.6895
1.1976 0.7135
-0.7476 0.7135
3.28

IMD3d1+IMD3d2
4
-0.7476 0.7135
1.1976 0.7135
1.1976 0.8405
-0.7476 0.8405
2.65

IMD4a
4
-0.7476 0.8405
1.1976 0.8405
1.1976 0.8615
-0.7476 0.8615
5.2

IMD4b
4
-0.7476 0.8615
1.1976 0.8615
1.1976 0.8765
-0.7476 0.8765
4.2

IMD4c
4
-0.7476 0.8765
1.1976 0.8765
1.1976 0.9005
-0.7476 0.9005
3.28

IMD4d1+IMD4d2
4
-0.7476 0.9005
1.1976 0.9005
1.1976 1.0275
-0.7476 1.0275
2.65

IMD5a
4
-0.7476 1.0275
1.1976 1.0275
1.1976 1.0485
-0.7476 1.0485
5.2

IMD5b
4
-0.7476 1.0485
1.1976 1.0485
1.1976 1.0635
-0.7476 1.0635
4.2

IMD5c
4
-0.7476 1.0635
1.1976 1.0635
1.1976 1.0875
-0.7476 1.0875
3.28

IMD5d1+IMD5d2
4
-0.7476 1.0875
1.1976 1.0875
1.1976 1.2145
-0.7476 1.2145
2.65

IMD6a
4
-0.7476 1.2145
1.1976 1.2145
1.1976 1.2355
-0.7476 1.2355
5.2

IMD6b
4
-0.7476 1.2355
1.1976 1.2355
1.1976 1.2505
-0.7476 1.2505
4.2

IMD6c
4
-0.7476 1.2505
1.1976 1.2505
1.1976 1.2745
-0.7476 1.2745
3.28

IMD6d1+IMD6d2
4
-0.7476 1.2745
1.1976 1.2745
1.1976 1.4015
-0.7476 1.4015
2.65

IMD7a
4
-0.7476 1.4015
1.1976 1.4015
1.1976 1.4765
-0.7476 1.4765
5.2

IMD7b1+IMD7b2
4
-0.7476 1.4765
1.1976 1.4765
1.1976 2.9765
-0.7476 2.9765
4.2

IMD8a
4
-0.7476 2.9765
1.1976 2.9765
1.1976 3.0515
-0.7476 3.0515
5.2

IMD8b1+IMD8b2
4
-0.7476 3.0515
1.1976 3.0515
1.1976 4.5515
-0.7476 4.5515
4.2

PASS1
4
-0.7476 4.5515
1.1976 4.5515
1.1976 4.6265
-0.7476 4.6265
7

PASS2
4
-0.7476 4.6265
1.1976 4.6265
1.1976 5.0265
-0.7476 5.0265
4.2

PASS3
4
-0.7476 5.0265
1.1976 5.0265
1.1976 5.1015
-0.7476 5.1015
7

PASS4+PASS5
4
-0.7476 5.1015
1.1976 5.1015
1.1976 6.0515
-0.7476 6.0515
4.2

PASS6
4
-0.7476 6.0515
1.1976 6.0515
1.1976 6.6515
-0.7476 6.6515
7

air_Layer
4
-0.7476 6.6515
1.1976 6.6515
1.1976 7.0565
-0.7476 7.0565
1


4
-0.7476 0.001
1.1976 0.001
1.1976 7.0565
-0.7476 7.0565

