c1
4
-0.44701 0.5545
0.44701 0.5545
0.45299 0.6535
-0.45299 0.6535

5
botleft
4
-2.165 -0.001
0 -0.001
0 0.001
-2.165 0.001

botright
4
0 -0.001
1.49 -0.001
1.49 0.001
0 0.001

lEnv
4
-1.66201 0.5545
-0.76799 0.5545
-0.76201 0.6535
-1.66799 0.6535

c2
4
0.58799 0.5545
0.62701 0.5545
0.63299 0.6535
0.58201 0.6535

rEnv
4
0.94799 0.5545
0.98701 0.5545
0.99299 0.6535
0.94201 0.6535


57
FOXA+FOXB+TOX
5
-2.165 0.001
0 0.001
1.49 0.001
1.49 0.2665
-2.165 0.2665
4

ILD1a
4
-2.165 0.2665
1.49 0.2665
1.49 0.2765
-2.165 0.2765
7

ILD1b1+ILD1b2+ILD1b3
4
-2.165 0.2765
1.49 0.2765
1.49 0.3955
-2.165 0.3955
4

IMD1a
4
-2.165 0.3955
1.49 0.3955
1.49 0.4065
-2.165 0.4065
5.2

IMD1b
4
-2.165 0.4065
1.49 0.4065
1.49 0.4665
-2.165 0.4665
2.8

IMD2a
4
-2.165 0.4665
1.49 0.4665
1.49 0.4875
-2.165 0.4875
5.2

IMD2b
4
-2.165 0.4875
1.49 0.4875
1.49 0.5025
-2.165 0.5025
4.2

IMD2c
4
-2.165 0.5025
1.49 0.5025
1.49 0.5265
-2.165 0.5265
3.28

IMD2d1
12
-2.165 0.5265
1.49 0.5265
1.49 0.5445
0.996424 0.5445
0.938576 0.5445
0.636424 0.5445
0.578576 0.5445
0.456424 0.5445
-0.456424 0.5445
-0.758576 0.5445
-1.671424 0.5445
-2.165 0.5445
2.65

IMD2d1
4
-2.165 0.5445
-1.671424 0.5445
-1.672028 0.5545
-2.165 0.5545
2.65

IMD2d1_damage
8
-1.671424 0.5445
-0.758576 0.5445
-0.757972 0.5545
-0.762981 0.5545
-0.76799 0.5545
-1.66201 0.5545
-1.667019 0.5545
-1.672028 0.5545
3.1

IMD2d1
4
-0.758576 0.5445
-0.456424 0.5445
-0.457028 0.5545
-0.757972 0.5545
2.65

IMD2d1_damage
8
-0.456424 0.5445
0.456424 0.5445
0.457028 0.5545
0.452019 0.5545
0.44701 0.5545
-0.44701 0.5545
-0.452019 0.5545
-0.457028 0.5545
3.1

IMD2d1
4
0.456424 0.5445
0.578576 0.5445
0.577972 0.5545
0.457028 0.5545
2.65

IMD2d1_damage
8
0.578576 0.5445
0.636424 0.5445
0.637028 0.5545
0.632019 0.5545
0.62701 0.5545
0.58799 0.5545
0.582981 0.5545
0.577972 0.5545
3.1

IMD2d1
4
0.636424 0.5445
0.938576 0.5445
0.937972 0.5545
0.637028 0.5545
2.65

IMD2d1_damage
8
0.938576 0.5445
0.996424 0.5445
0.997028 0.5545
0.992019 0.5545
0.98701 0.5545
0.94799 0.5545
0.942981 0.5545
0.937972 0.5545
3.1

IMD2d1
4
0.996424 0.5445
1.49 0.5445
1.49 0.5545
0.997028 0.5545
2.65

IMD2d2
5
-2.165 0.5545
-1.672028 0.5545
-1.667019 0.5545
-1.672999 0.6535
-2.165 0.6535
2.65

IMD2d2_damage
4
-1.667019 0.5545
-1.66201 0.5545
-1.66799 0.6535
-1.672999 0.6535
2.9

IMD2d2_damage
4
-0.76799 0.5545
-0.762981 0.5545
-0.757001 0.6535
-0.76201 0.6535
2.9

IMD2d2
6
-0.762981 0.5545
-0.757972 0.5545
-0.457028 0.5545
-0.452019 0.5545
-0.457999 0.6535
-0.757001 0.6535
2.65

IMD2d2_damage
4
-0.452019 0.5545
-0.44701 0.5545
-0.45299 0.6535
-0.457999 0.6535
2.9

IMD2d2_damage
4
0.44701 0.5545
0.452019 0.5545
0.457999 0.6535
0.45299 0.6535
2.9

IMD2d2
6
0.452019 0.5545
0.457028 0.5545
0.577972 0.5545
0.582981 0.5545
0.577001 0.6535
0.457999 0.6535
2.65

IMD2d2_damage
4
0.582981 0.5545
0.58799 0.5545
0.58201 0.6535
0.577001 0.6535
2.9

IMD2d2_damage
4
0.62701 0.5545
0.632019 0.5545
0.637999 0.6535
0.63299 0.6535
2.9

IMD2d2
6
0.632019 0.5545
0.637028 0.5545
0.937972 0.5545
0.942981 0.5545
0.937001 0.6535
0.637999 0.6535
2.65

IMD2d2_damage
4
0.942981 0.5545
0.94799 0.5545
0.94201 0.6535
0.937001 0.6535
2.9

IMD2d2_damage
4
0.98701 0.5545
0.992019 0.5545
0.997999 0.6535
0.99299 0.6535
2.9

IMD2d2
5
0.992019 0.5545
0.997028 0.5545
1.49 0.5545
1.49 0.6535
0.997999 0.6535
2.65

IMD3a
20
-2.165 0.6535
-1.672999 0.6535
-1.66799 0.6535
-0.76201 0.6535
-0.757001 0.6535
-0.457999 0.6535
-0.45299 0.6535
0.45299 0.6535
0.457999 0.6535
0.577001 0.6535
0.58201 0.6535
0.63299 0.6535
0.637999 0.6535
0.937001 0.6535
0.94201 0.6535
0.99299 0.6535
0.997999 0.6535
1.49 0.6535
1.49 0.6745
-2.165 0.6745
5.2

IMD3b
4
-2.165 0.6745
1.49 0.6745
1.49 0.6895
-2.165 0.6895
4.2

IMD3c
4
-2.165 0.6895
1.49 0.6895
1.49 0.7135
-2.165 0.7135
3.28

IMD3d1+IMD3d2
4
-2.165 0.7135
1.49 0.7135
1.49 0.8405
-2.165 0.8405
2.65

IMD4a
4
-2.165 0.8405
1.49 0.8405
1.49 0.8615
-2.165 0.8615
5.2

IMD4b
4
-2.165 0.8615
1.49 0.8615
1.49 0.8765
-2.165 0.8765
4.2

IMD4c
4
-2.165 0.8765
1.49 0.8765
1.49 0.9005
-2.165 0.9005
3.28

IMD4d1+IMD4d2
4
-2.165 0.9005
1.49 0.9005
1.49 1.0275
-2.165 1.0275
2.65

IMD5a
4
-2.165 1.0275
1.49 1.0275
1.49 1.0485
-2.165 1.0485
5.2

IMD5b
4
-2.165 1.0485
1.49 1.0485
1.49 1.0635
-2.165 1.0635
4.2

IMD5c
4
-2.165 1.0635
1.49 1.0635
1.49 1.0875
-2.165 1.0875
3.28

IMD5d1+IMD5d2
4
-2.165 1.0875
1.49 1.0875
1.49 1.2145
-2.165 1.2145
2.65

IMD6a
4
-2.165 1.2145
1.49 1.2145
1.49 1.2355
-2.165 1.2355
5.2

IMD6b
4
-2.165 1.2355
1.49 1.2355
1.49 1.2505
-2.165 1.2505
4.2

IMD6c
4
-2.165 1.2505
1.49 1.2505
1.49 1.2745
-2.165 1.2745
3.28

IMD6d1+IMD6d2
4
-2.165 1.2745
1.49 1.2745
1.49 1.4015
-2.165 1.4015
2.65

IMD7a
4
-2.165 1.4015
1.49 1.4015
1.49 1.4765
-2.165 1.4765
5.2

IMD7b1+IMD7b2
4
-2.165 1.4765
1.49 1.4765
1.49 2.9765
-2.165 2.9765
4.2

IMD8a
4
-2.165 2.9765
1.49 2.9765
1.49 3.0515
-2.165 3.0515
5.2

IMD8b1+IMD8b2
4
-2.165 3.0515
1.49 3.0515
1.49 4.5515
-2.165 4.5515
4.2

PASS1
4
-2.165 4.5515
1.49 4.5515
1.49 4.6265
-2.165 4.6265
7

PASS2
4
-2.165 4.6265
1.49 4.6265
1.49 5.0265
-2.165 5.0265
4.2

PASS3
4
-2.165 5.0265
1.49 5.0265
1.49 5.1015
-2.165 5.1015
7

PASS4+PASS5
4
-2.165 5.1015
1.49 5.1015
1.49 6.0515
-2.165 6.0515
4.2

PASS6
4
-2.165 6.0515
1.49 6.0515
1.49 6.6515
-2.165 6.6515
7

air_Layer
4
-2.165 6.6515
1.49 6.6515
1.49 9.3515
-2.165 9.3515
1


4
-2.165 0.001
1.49 0.001
1.49 9.3515
-2.165 9.3515

