c1
4
-0.06451 0.5545
0.06451 0.5545
0.07049 0.6535
-0.07049 0.6535

5
botleft
4
-1.0175 -0.001
0 -0.001
0 0.001
-1.0175 0.001

botright
4
0 -0.001
1.6025 -0.001
1.6025 0.001
0 0.001

lEnv
4
-0.51451 0.5545
-0.38549 0.5545
-0.37951 0.6535
-0.52049 0.6535

c2
4
0.70049 0.5545
0.73951 0.5545
0.74549 0.6535
0.69451 0.6535

rEnv
4
1.06049 0.5545
1.09951 0.5545
1.10549 0.6535
1.05451 0.6535


57
FOXA+FOXB+TOX
5
-1.0175 0.001
0 0.001
1.6025 0.001
1.6025 0.2665
-1.0175 0.2665
4

ILD1a
4
-1.0175 0.2665
1.6025 0.2665
1.6025 0.2765
-1.0175 0.2765
7

ILD1b1+ILD1b2+ILD1b3
4
-1.0175 0.2765
1.6025 0.2765
1.6025 0.3955
-1.0175 0.3955
4

IMD1a
4
-1.0175 0.3955
1.6025 0.3955
1.6025 0.4065
-1.0175 0.4065
5.2

IMD1b
4
-1.0175 0.4065
1.6025 0.4065
1.6025 0.4665
-1.0175 0.4665
2.8

IMD2a
4
-1.0175 0.4665
1.6025 0.4665
1.6025 0.4875
-1.0175 0.4875
5.2

IMD2b
4
-1.0175 0.4875
1.6025 0.4875
1.6025 0.5025
-1.0175 0.5025
4.2

IMD2c
4
-1.0175 0.5025
1.6025 0.5025
1.6025 0.5265
-1.0175 0.5265
3.28

IMD2d1
12
-1.0175 0.5265
1.6025 0.5265
1.6025 0.5445
1.108924 0.5445
1.051076 0.5445
0.748924 0.5445
0.691076 0.5445
0.073924 0.5445
-0.073924 0.5445
-0.376076 0.5445
-0.523924 0.5445
-1.0175 0.5445
2.65

IMD2d1
4
-1.0175 0.5445
-0.523924 0.5445
-0.524528 0.5545
-1.0175 0.5545
2.65

IMD2d1_damage
8
-0.523924 0.5445
-0.376076 0.5445
-0.375472 0.5545
-0.380481 0.5545
-0.38549 0.5545
-0.51451 0.5545
-0.519519 0.5545
-0.524528 0.5545
3.1

IMD2d1
4
-0.376076 0.5445
-0.073924 0.5445
-0.074528 0.5545
-0.375472 0.5545
2.65

IMD2d1_damage
8
-0.073924 0.5445
0.073924 0.5445
0.074528 0.5545
0.069519 0.5545
0.06451 0.5545
-0.06451 0.5545
-0.069519 0.5545
-0.074528 0.5545
3.1

IMD2d1
4
0.073924 0.5445
0.691076 0.5445
0.690472 0.5545
0.074528 0.5545
2.65

IMD2d1_damage
8
0.691076 0.5445
0.748924 0.5445
0.749528 0.5545
0.744519 0.5545
0.73951 0.5545
0.70049 0.5545
0.695481 0.5545
0.690472 0.5545
3.1

IMD2d1
4
0.748924 0.5445
1.051076 0.5445
1.050472 0.5545
0.749528 0.5545
2.65

IMD2d1_damage
8
1.051076 0.5445
1.108924 0.5445
1.109528 0.5545
1.104519 0.5545
1.09951 0.5545
1.06049 0.5545
1.055481 0.5545
1.050472 0.5545
3.1

IMD2d1
4
1.108924 0.5445
1.6025 0.5445
1.6025 0.5545
1.109528 0.5545
2.65

IMD2d2
5
-1.0175 0.5545
-0.524528 0.5545
-0.519519 0.5545
-0.525499 0.6535
-1.0175 0.6535
2.65

IMD2d2_damage
4
-0.519519 0.5545
-0.51451 0.5545
-0.52049 0.6535
-0.525499 0.6535
2.9

IMD2d2_damage
4
-0.38549 0.5545
-0.380481 0.5545
-0.374501 0.6535
-0.37951 0.6535
2.9

IMD2d2
6
-0.380481 0.5545
-0.375472 0.5545
-0.074528 0.5545
-0.069519 0.5545
-0.075499 0.6535
-0.374501 0.6535
2.65

IMD2d2_damage
4
-0.069519 0.5545
-0.06451 0.5545
-0.07049 0.6535
-0.075499 0.6535
2.9

IMD2d2_damage
4
0.06451 0.5545
0.069519 0.5545
0.075499 0.6535
0.07049 0.6535
2.9

IMD2d2
6
0.069519 0.5545
0.074528 0.5545
0.690472 0.5545
0.695481 0.5545
0.689501 0.6535
0.075499 0.6535
2.65

IMD2d2_damage
4
0.695481 0.5545
0.70049 0.5545
0.69451 0.6535
0.689501 0.6535
2.9

IMD2d2_damage
4
0.73951 0.5545
0.744519 0.5545
0.750499 0.6535
0.74549 0.6535
2.9

IMD2d2
6
0.744519 0.5545
0.749528 0.5545
1.050472 0.5545
1.055481 0.5545
1.049501 0.6535
0.750499 0.6535
2.65

IMD2d2_damage
4
1.055481 0.5545
1.06049 0.5545
1.05451 0.6535
1.049501 0.6535
2.9

IMD2d2_damage
4
1.09951 0.5545
1.104519 0.5545
1.110499 0.6535
1.10549 0.6535
2.9

IMD2d2
5
1.104519 0.5545
1.109528 0.5545
1.6025 0.5545
1.6025 0.6535
1.110499 0.6535
2.65

IMD3a
20
-1.0175 0.6535
-0.525499 0.6535
-0.52049 0.6535
-0.37951 0.6535
-0.374501 0.6535
-0.075499 0.6535
-0.07049 0.6535
0.07049 0.6535
0.075499 0.6535
0.689501 0.6535
0.69451 0.6535
0.74549 0.6535
0.750499 0.6535
1.049501 0.6535
1.05451 0.6535
1.10549 0.6535
1.110499 0.6535
1.6025 0.6535
1.6025 0.6745
-1.0175 0.6745
5.2

IMD3b
4
-1.0175 0.6745
1.6025 0.6745
1.6025 0.6895
-1.0175 0.6895
4.2

IMD3c
4
-1.0175 0.6895
1.6025 0.6895
1.6025 0.7135
-1.0175 0.7135
3.28

IMD3d1+IMD3d2
4
-1.0175 0.7135
1.6025 0.7135
1.6025 0.8405
-1.0175 0.8405
2.65

IMD4a
4
-1.0175 0.8405
1.6025 0.8405
1.6025 0.8615
-1.0175 0.8615
5.2

IMD4b
4
-1.0175 0.8615
1.6025 0.8615
1.6025 0.8765
-1.0175 0.8765
4.2

IMD4c
4
-1.0175 0.8765
1.6025 0.8765
1.6025 0.9005
-1.0175 0.9005
3.28

IMD4d1+IMD4d2
4
-1.0175 0.9005
1.6025 0.9005
1.6025 1.0275
-1.0175 1.0275
2.65

IMD5a
4
-1.0175 1.0275
1.6025 1.0275
1.6025 1.0485
-1.0175 1.0485
5.2

IMD5b
4
-1.0175 1.0485
1.6025 1.0485
1.6025 1.0635
-1.0175 1.0635
4.2

IMD5c
4
-1.0175 1.0635
1.6025 1.0635
1.6025 1.0875
-1.0175 1.0875
3.28

IMD5d1+IMD5d2
4
-1.0175 1.0875
1.6025 1.0875
1.6025 1.2145
-1.0175 1.2145
2.65

IMD6a
4
-1.0175 1.2145
1.6025 1.2145
1.6025 1.2355
-1.0175 1.2355
5.2

IMD6b
4
-1.0175 1.2355
1.6025 1.2355
1.6025 1.2505
-1.0175 1.2505
4.2

IMD6c
4
-1.0175 1.2505
1.6025 1.2505
1.6025 1.2745
-1.0175 1.2745
3.28

IMD6d1+IMD6d2
4
-1.0175 1.2745
1.6025 1.2745
1.6025 1.4015
-1.0175 1.4015
2.65

IMD7a
4
-1.0175 1.4015
1.6025 1.4015
1.6025 1.4765
-1.0175 1.4765
5.2

IMD7b1+IMD7b2
4
-1.0175 1.4765
1.6025 1.4765
1.6025 2.9765
-1.0175 2.9765
4.2

IMD8a
4
-1.0175 2.9765
1.6025 2.9765
1.6025 3.0515
-1.0175 3.0515
5.2

IMD8b1+IMD8b2
4
-1.0175 3.0515
1.6025 3.0515
1.6025 4.5515
-1.0175 4.5515
4.2

PASS1
4
-1.0175 4.5515
1.6025 4.5515
1.6025 4.6265
-1.0175 4.6265
7

PASS2
4
-1.0175 4.6265
1.6025 4.6265
1.6025 5.0265
-1.0175 5.0265
4.2

PASS3
4
-1.0175 5.0265
1.6025 5.0265
1.6025 5.1015
-1.0175 5.1015
7

PASS4+PASS5
4
-1.0175 5.1015
1.6025 5.1015
1.6025 6.0515
-1.0175 6.0515
4.2

PASS6
4
-1.0175 6.0515
1.6025 6.0515
1.6025 6.6515
-1.0175 6.6515
7

air_Layer
4
-1.0175 6.6515
1.6025 6.6515
1.6025 7.0565
-1.0175 7.0565
1


4
-1.0175 0.001
1.6025 0.001
1.6025 7.0565
-1.0175 7.0565

