c1
4
-0.44701 0.5545
0.44701 0.5545
0.45299 0.6535
-0.45299 0.6535

5
botleft
4
-1.895 -0.001
0 -0.001
0 0.001
-1.895 0.001

botright
4
0 -0.001
2.885 -0.001
2.885 0.001
0 0.001

lEnv
4
-1.39201 0.5545
-0.49799 0.5545
-0.49201 0.6535
-1.39799 0.6535

c2
4
0.54299 0.5545
1.43701 0.5545
1.44299 0.6535
0.53701 0.6535

rEnv
4
1.48799 0.5545
2.38201 0.5545
2.38799 0.6535
1.48201 0.6535


57
FOXA+FOXB+TOX
5
-1.895 0.001
0 0.001
2.885 0.001
2.885 0.2665
-1.895 0.2665
4

ILD1a
4
-1.895 0.2665
2.885 0.2665
2.885 0.2765
-1.895 0.2765
7

ILD1b1+ILD1b2+ILD1b3
4
-1.895 0.2765
2.885 0.2765
2.885 0.3955
-1.895 0.3955
4

IMD1a
4
-1.895 0.3955
2.885 0.3955
2.885 0.4065
-1.895 0.4065
5.2

IMD1b
4
-1.895 0.4065
2.885 0.4065
2.885 0.4665
-1.895 0.4665
2.8

IMD2a
4
-1.895 0.4665
2.885 0.4665
2.885 0.4875
-1.895 0.4875
5.2

IMD2b
4
-1.895 0.4875
2.885 0.4875
2.885 0.5025
-1.895 0.5025
4.2

IMD2c
4
-1.895 0.5025
2.885 0.5025
2.885 0.5265
-1.895 0.5265
3.28

IMD2d1
12
-1.895 0.5265
2.885 0.5265
2.885 0.5445
2.391424 0.5445
1.478576 0.5445
1.446424 0.5445
0.533576 0.5445
0.456424 0.5445
-0.456424 0.5445
-0.488576 0.5445
-1.401424 0.5445
-1.895 0.5445
2.65

IMD2d1
4
-1.895 0.5445
-1.401424 0.5445
-1.402028 0.5545
-1.895 0.5545
2.65

IMD2d1_damage
8
-1.401424 0.5445
-0.488576 0.5445
-0.487972 0.5545
-0.492981 0.5545
-0.49799 0.5545
-1.39201 0.5545
-1.397019 0.5545
-1.402028 0.5545
3.1

IMD2d1
4
-0.488576 0.5445
-0.456424 0.5445
-0.457028 0.5545
-0.487972 0.5545
2.65

IMD2d1_damage
8
-0.456424 0.5445
0.456424 0.5445
0.457028 0.5545
0.452019 0.5545
0.44701 0.5545
-0.44701 0.5545
-0.452019 0.5545
-0.457028 0.5545
3.1

IMD2d1
4
0.456424 0.5445
0.533576 0.5445
0.532972 0.5545
0.457028 0.5545
2.65

IMD2d1_damage
8
0.533576 0.5445
1.446424 0.5445
1.447028 0.5545
1.442019 0.5545
1.43701 0.5545
0.54299 0.5545
0.537981 0.5545
0.532972 0.5545
3.1

IMD2d1
4
1.446424 0.5445
1.478576 0.5445
1.477972 0.5545
1.447028 0.5545
2.65

IMD2d1_damage
8
1.478576 0.5445
2.391424 0.5445
2.392028 0.5545
2.387019 0.5545
2.38201 0.5545
1.48799 0.5545
1.482981 0.5545
1.477972 0.5545
3.1

IMD2d1
4
2.391424 0.5445
2.885 0.5445
2.885 0.5545
2.392028 0.5545
2.65

IMD2d2
5
-1.895 0.5545
-1.402028 0.5545
-1.397019 0.5545
-1.402999 0.6535
-1.895 0.6535
2.65

IMD2d2_damage
4
-1.397019 0.5545
-1.39201 0.5545
-1.39799 0.6535
-1.402999 0.6535
2.9

IMD2d2_damage
4
-0.49799 0.5545
-0.492981 0.5545
-0.487001 0.6535
-0.49201 0.6535
2.9

IMD2d2
6
-0.492981 0.5545
-0.487972 0.5545
-0.457028 0.5545
-0.452019 0.5545
-0.457999 0.6535
-0.487001 0.6535
2.65

IMD2d2_damage
4
-0.452019 0.5545
-0.44701 0.5545
-0.45299 0.6535
-0.457999 0.6535
2.9

IMD2d2_damage
4
0.44701 0.5545
0.452019 0.5545
0.457999 0.6535
0.45299 0.6535
2.9

IMD2d2
6
0.452019 0.5545
0.457028 0.5545
0.532972 0.5545
0.537981 0.5545
0.532001 0.6535
0.457999 0.6535
2.65

IMD2d2_damage
4
0.537981 0.5545
0.54299 0.5545
0.53701 0.6535
0.532001 0.6535
2.9

IMD2d2_damage
4
1.43701 0.5545
1.442019 0.5545
1.447999 0.6535
1.44299 0.6535
2.9

IMD2d2
6
1.442019 0.5545
1.447028 0.5545
1.477972 0.5545
1.482981 0.5545
1.477001 0.6535
1.447999 0.6535
2.65

IMD2d2_damage
4
1.482981 0.5545
1.48799 0.5545
1.48201 0.6535
1.477001 0.6535
2.9

IMD2d2_damage
4
2.38201 0.5545
2.387019 0.5545
2.392999 0.6535
2.38799 0.6535
2.9

IMD2d2
5
2.387019 0.5545
2.392028 0.5545
2.885 0.5545
2.885 0.6535
2.392999 0.6535
2.65

IMD3a
20
-1.895 0.6535
-1.402999 0.6535
-1.39799 0.6535
-0.49201 0.6535
-0.487001 0.6535
-0.457999 0.6535
-0.45299 0.6535
0.45299 0.6535
0.457999 0.6535
0.532001 0.6535
0.53701 0.6535
1.44299 0.6535
1.447999 0.6535
1.477001 0.6535
1.48201 0.6535
2.38799 0.6535
2.392999 0.6535
2.885 0.6535
2.885 0.6745
-1.895 0.6745
5.2

IMD3b
4
-1.895 0.6745
2.885 0.6745
2.885 0.6895
-1.895 0.6895
4.2

IMD3c
4
-1.895 0.6895
2.885 0.6895
2.885 0.7135
-1.895 0.7135
3.28

IMD3d1+IMD3d2
4
-1.895 0.7135
2.885 0.7135
2.885 0.8405
-1.895 0.8405
2.65

IMD4a
4
-1.895 0.8405
2.885 0.8405
2.885 0.8615
-1.895 0.8615
5.2

IMD4b
4
-1.895 0.8615
2.885 0.8615
2.885 0.8765
-1.895 0.8765
4.2

IMD4c
4
-1.895 0.8765
2.885 0.8765
2.885 0.9005
-1.895 0.9005
3.28

IMD4d1+IMD4d2
4
-1.895 0.9005
2.885 0.9005
2.885 1.0275
-1.895 1.0275
2.65

IMD5a
4
-1.895 1.0275
2.885 1.0275
2.885 1.0485
-1.895 1.0485
5.2

IMD5b
4
-1.895 1.0485
2.885 1.0485
2.885 1.0635
-1.895 1.0635
4.2

IMD5c
4
-1.895 1.0635
2.885 1.0635
2.885 1.0875
-1.895 1.0875
3.28

IMD5d1+IMD5d2
4
-1.895 1.0875
2.885 1.0875
2.885 1.2145
-1.895 1.2145
2.65

IMD6a
4
-1.895 1.2145
2.885 1.2145
2.885 1.2355
-1.895 1.2355
5.2

IMD6b
4
-1.895 1.2355
2.885 1.2355
2.885 1.2505
-1.895 1.2505
4.2

IMD6c
4
-1.895 1.2505
2.885 1.2505
2.885 1.2745
-1.895 1.2745
3.28

IMD6d1+IMD6d2
4
-1.895 1.2745
2.885 1.2745
2.885 1.4015
-1.895 1.4015
2.65

IMD7a
4
-1.895 1.4015
2.885 1.4015
2.885 1.4765
-1.895 1.4765
5.2

IMD7b1+IMD7b2
4
-1.895 1.4765
2.885 1.4765
2.885 2.9765
-1.895 2.9765
4.2

IMD8a
4
-1.895 2.9765
2.885 2.9765
2.885 3.0515
-1.895 3.0515
5.2

IMD8b1+IMD8b2
4
-1.895 3.0515
2.885 3.0515
2.885 4.5515
-1.895 4.5515
4.2

PASS1
4
-1.895 4.5515
2.885 4.5515
2.885 4.6265
-1.895 4.6265
7

PASS2
4
-1.895 4.6265
2.885 4.6265
2.885 5.0265
-1.895 5.0265
4.2

PASS3
4
-1.895 5.0265
2.885 5.0265
2.885 5.1015
-1.895 5.1015
7

PASS4+PASS5
4
-1.895 5.1015
2.885 5.1015
2.885 6.0515
-1.895 6.0515
4.2

PASS6
4
-1.895 6.0515
2.885 6.0515
2.885 6.6515
-1.895 6.6515
7

air_Layer
4
-1.895 6.6515
2.885 6.6515
2.885 9.3515
-1.895 9.3515
1


4
-1.895 0.001
2.885 0.001
2.885 9.3515
-1.895 9.3515

