c1
4
-0.06451 0.5545
0.06451 0.5545
0.07049 0.6535
-0.07049 0.6535

5
botleft
4
-0.7475 -0.001
0 -0.001
0 0.001
-0.7475 0.001

botright
4
0 -0.001
2.435 -0.001
2.435 0.001
0 0.001

lEnv
4
-0.24451 0.5545
-0.11549 0.5545
-0.10951 0.6535
-0.25049 0.6535

c2
4
0.09299 0.5545
0.98701 0.5545
0.99299 0.6535
0.08701 0.6535

rEnv
4
1.03799 0.5545
1.93201 0.5545
1.93799 0.6535
1.03201 0.6535


57
FOXA+FOXB+TOX
6
-0.7476 0.001
-0.7475 0.001
0 0.001
2.435 0.001
2.435 0.2665
-0.7476 0.2665
4

ILD1a
4
-0.7476 0.2665
2.435 0.2665
2.435 0.2765
-0.7476 0.2765
7

ILD1b1+ILD1b2+ILD1b3
4
-0.7476 0.2765
2.435 0.2765
2.435 0.3955
-0.7476 0.3955
4

IMD1a
4
-0.7476 0.3955
2.435 0.3955
2.435 0.4065
-0.7476 0.4065
5.2

IMD1b
4
-0.7476 0.4065
2.435 0.4065
2.435 0.4665
-0.7476 0.4665
2.8

IMD2a
4
-0.7476 0.4665
2.435 0.4665
2.435 0.4875
-0.7476 0.4875
5.2

IMD2b
4
-0.7476 0.4875
2.435 0.4875
2.435 0.5025
-0.7476 0.5025
4.2

IMD2c
4
-0.7476 0.5025
2.435 0.5025
2.435 0.5265
-0.7476 0.5265
3.28

IMD2d1
12
-0.7476 0.5265
2.435 0.5265
2.435 0.5445
1.941424 0.5445
1.028576 0.5445
0.996424 0.5445
0.083576 0.5445
0.073924 0.5445
-0.073924 0.5445
-0.106076 0.5445
-0.253924 0.5445
-0.7476 0.5445
2.65

IMD2d1
4
-0.7476 0.5445
-0.253924 0.5445
-0.254528 0.5545
-0.7476 0.5545
2.65

IMD2d1_damage
8
-0.253924 0.5445
-0.106076 0.5445
-0.105472 0.5545
-0.110481 0.5545
-0.11549 0.5545
-0.24451 0.5545
-0.249519 0.5545
-0.254528 0.5545
3.1

IMD2d1
4
-0.106076 0.5445
-0.073924 0.5445
-0.074528 0.5545
-0.105472 0.5545
2.65

IMD2d1_damage
8
-0.073924 0.5445
0.073924 0.5445
0.074528 0.5545
0.069519 0.5545
0.06451 0.5545
-0.06451 0.5545
-0.069519 0.5545
-0.074528 0.5545
3.1

IMD2d1
4
0.073924 0.5445
0.083576 0.5445
0.082972 0.5545
0.074528 0.5545
2.65

IMD2d1_damage
8
0.083576 0.5445
0.996424 0.5445
0.997028 0.5545
0.992019 0.5545
0.98701 0.5545
0.09299 0.5545
0.087981 0.5545
0.082972 0.5545
3.1

IMD2d1
4
0.996424 0.5445
1.028576 0.5445
1.027972 0.5545
0.997028 0.5545
2.65

IMD2d1_damage
8
1.028576 0.5445
1.941424 0.5445
1.942028 0.5545
1.937019 0.5545
1.93201 0.5545
1.03799 0.5545
1.032981 0.5545
1.027972 0.5545
3.1

IMD2d1
4
1.941424 0.5445
2.435 0.5445
2.435 0.5545
1.942028 0.5545
2.65

IMD2d2
5
-0.7476 0.5545
-0.254528 0.5545
-0.249519 0.5545
-0.255499 0.6535
-0.7476 0.6535
2.65

IMD2d2_damage
4
-0.249519 0.5545
-0.24451 0.5545
-0.25049 0.6535
-0.255499 0.6535
2.9

IMD2d2_damage
4
-0.11549 0.5545
-0.110481 0.5545
-0.104501 0.6535
-0.10951 0.6535
2.9

IMD2d2
6
-0.110481 0.5545
-0.105472 0.5545
-0.074528 0.5545
-0.069519 0.5545
-0.075499 0.6535
-0.104501 0.6535
2.65

IMD2d2_damage
4
-0.069519 0.5545
-0.06451 0.5545
-0.07049 0.6535
-0.075499 0.6535
2.9

IMD2d2_damage
4
0.06451 0.5545
0.069519 0.5545
0.075499 0.6535
0.07049 0.6535
2.9

IMD2d2
6
0.069519 0.5545
0.074528 0.5545
0.082972 0.5545
0.087981 0.5545
0.082001 0.6535
0.075499 0.6535
2.65

IMD2d2_damage
4
0.087981 0.5545
0.09299 0.5545
0.08701 0.6535
0.082001 0.6535
2.9

IMD2d2_damage
4
0.98701 0.5545
0.992019 0.5545
0.997999 0.6535
0.99299 0.6535
2.9

IMD2d2
6
0.992019 0.5545
0.997028 0.5545
1.027972 0.5545
1.032981 0.5545
1.027001 0.6535
0.997999 0.6535
2.65

IMD2d2_damage
4
1.032981 0.5545
1.03799 0.5545
1.03201 0.6535
1.027001 0.6535
2.9

IMD2d2_damage
4
1.93201 0.5545
1.937019 0.5545
1.942999 0.6535
1.93799 0.6535
2.9

IMD2d2
5
1.937019 0.5545
1.942028 0.5545
2.435 0.5545
2.435 0.6535
1.942999 0.6535
2.65

IMD3a
20
-0.7476 0.6535
-0.255499 0.6535
-0.25049 0.6535
-0.10951 0.6535
-0.104501 0.6535
-0.075499 0.6535
-0.07049 0.6535
0.07049 0.6535
0.075499 0.6535
0.082001 0.6535
0.08701 0.6535
0.99299 0.6535
0.997999 0.6535
1.027001 0.6535
1.03201 0.6535
1.93799 0.6535
1.942999 0.6535
2.435 0.6535
2.435 0.6745
-0.7476 0.6745
5.2

IMD3b
4
-0.7476 0.6745
2.435 0.6745
2.435 0.6895
-0.7476 0.6895
4.2

IMD3c
4
-0.7476 0.6895
2.435 0.6895
2.435 0.7135
-0.7476 0.7135
3.28

IMD3d1+IMD3d2
4
-0.7476 0.7135
2.435 0.7135
2.435 0.8405
-0.7476 0.8405
2.65

IMD4a
4
-0.7476 0.8405
2.435 0.8405
2.435 0.8615
-0.7476 0.8615
5.2

IMD4b
4
-0.7476 0.8615
2.435 0.8615
2.435 0.8765
-0.7476 0.8765
4.2

IMD4c
4
-0.7476 0.8765
2.435 0.8765
2.435 0.9005
-0.7476 0.9005
3.28

IMD4d1+IMD4d2
4
-0.7476 0.9005
2.435 0.9005
2.435 1.0275
-0.7476 1.0275
2.65

IMD5a
4
-0.7476 1.0275
2.435 1.0275
2.435 1.0485
-0.7476 1.0485
5.2

IMD5b
4
-0.7476 1.0485
2.435 1.0485
2.435 1.0635
-0.7476 1.0635
4.2

IMD5c
4
-0.7476 1.0635
2.435 1.0635
2.435 1.0875
-0.7476 1.0875
3.28

IMD5d1+IMD5d2
4
-0.7476 1.0875
2.435 1.0875
2.435 1.2145
-0.7476 1.2145
2.65

IMD6a
4
-0.7476 1.2145
2.435 1.2145
2.435 1.2355
-0.7476 1.2355
5.2

IMD6b
4
-0.7476 1.2355
2.435 1.2355
2.435 1.2505
-0.7476 1.2505
4.2

IMD6c
4
-0.7476 1.2505
2.435 1.2505
2.435 1.2745
-0.7476 1.2745
3.28

IMD6d1+IMD6d2
4
-0.7476 1.2745
2.435 1.2745
2.435 1.4015
-0.7476 1.4015
2.65

IMD7a
4
-0.7476 1.4015
2.435 1.4015
2.435 1.4765
-0.7476 1.4765
5.2

IMD7b1+IMD7b2
4
-0.7476 1.4765
2.435 1.4765
2.435 2.9765
-0.7476 2.9765
4.2

IMD8a
4
-0.7476 2.9765
2.435 2.9765
2.435 3.0515
-0.7476 3.0515
5.2

IMD8b1+IMD8b2
4
-0.7476 3.0515
2.435 3.0515
2.435 4.5515
-0.7476 4.5515
4.2

PASS1
4
-0.7476 4.5515
2.435 4.5515
2.435 4.6265
-0.7476 4.6265
7

PASS2
4
-0.7476 4.6265
2.435 4.6265
2.435 5.0265
-0.7476 5.0265
4.2

PASS3
4
-0.7476 5.0265
2.435 5.0265
2.435 5.1015
-0.7476 5.1015
7

PASS4+PASS5
4
-0.7476 5.1015
2.435 5.1015
2.435 6.0515
-0.7476 6.0515
4.2

PASS6
4
-0.7476 6.0515
2.435 6.0515
2.435 6.6515
-0.7476 6.6515
7

air_Layer
4
-0.7476 6.6515
2.435 6.6515
2.435 7.0565
-0.7476 7.0565
1


4
-0.7476 0.001
2.435 0.001
2.435 7.0565
-0.7476 7.0565

