c1
4
-0.01951 0.5545
0.01951 0.5545
0.02549 0.6535
-0.02549 0.6535

3
botleft
4
-5.0675 -0.001
0 -0.001
0 0.001
-5.0675 0.001

botright
4
0 -0.001
5.1575 -0.001
5.1575 0.001
0 0.001

c2
4
0.07049 0.5545
0.10951 0.5545
0.11549 0.6535
0.06451 0.6535


47
FOXA+FOXB+TOX
5
-5.0675 0.001
0 0.001
5.1575 0.001
5.1575 0.2665
-5.0675 0.2665
4

ILD1a
4
-5.0675 0.2665
5.1575 0.2665
5.1575 0.2765
-5.0675 0.2765
7

ILD1b1+ILD1b2+ILD1b3
4
-5.0675 0.2765
5.1575 0.2765
5.1575 0.3955
-5.0675 0.3955
4

IMD1a
4
-5.0675 0.3955
5.1575 0.3955
5.1575 0.4065
-5.0675 0.4065
5.2

IMD1b
4
-5.0675 0.4065
5.1575 0.4065
5.1575 0.4665
-5.0675 0.4665
2.8

IMD2a
4
-5.0675 0.4665
5.1575 0.4665
5.1575 0.4875
-5.0675 0.4875
5.2

IMD2b
4
-5.0675 0.4875
5.1575 0.4875
5.1575 0.5025
-5.0675 0.5025
4.2

IMD2c
4
-5.0675 0.5025
5.1575 0.5025
5.1575 0.5265
-5.0675 0.5265
3.28

IMD2d1
8
-5.0675 0.5265
5.1575 0.5265
5.1575 0.5445
0.118924 0.5445
0.061076 0.5445
0.028924 0.5445
-0.028924 0.5445
-5.0675 0.5445
2.65

IMD2d1
4
-5.0675 0.5445
-0.028924 0.5445
-0.029528 0.5545
-5.0675 0.5545
2.65

IMD2d1_damage
8
-0.028924 0.5445
0.028924 0.5445
0.029528 0.5545
0.024519 0.5545
0.01951 0.5545
-0.01951 0.5545
-0.024519 0.5545
-0.029528 0.5545
3.1

IMD2d1
4
0.028924 0.5445
0.061076 0.5445
0.060472 0.5545
0.029528 0.5545
2.65

IMD2d1_damage
8
0.061076 0.5445
0.118924 0.5445
0.119528 0.5545
0.114519 0.5545
0.10951 0.5545
0.07049 0.5545
0.065481 0.5545
0.060472 0.5545
3.1

IMD2d1
4
0.118924 0.5445
5.1575 0.5445
5.1575 0.5545
0.119528 0.5545
2.65

IMD2d2
5
-5.0675 0.5545
-0.029528 0.5545
-0.024519 0.5545
-0.030499 0.6535
-5.0675 0.6535
2.65

IMD2d2_damage
4
-0.024519 0.5545
-0.01951 0.5545
-0.02549 0.6535
-0.030499 0.6535
2.9

IMD2d2_damage
4
0.01951 0.5545
0.024519 0.5545
0.030499 0.6535
0.02549 0.6535
2.9

IMD2d2
6
0.024519 0.5545
0.029528 0.5545
0.060472 0.5545
0.065481 0.5545
0.059501 0.6535
0.030499 0.6535
2.65

IMD2d2_damage
4
0.065481 0.5545
0.07049 0.5545
0.06451 0.6535
0.059501 0.6535
2.9

IMD2d2_damage
4
0.10951 0.5545
0.114519 0.5545
0.120499 0.6535
0.11549 0.6535
2.9

IMD2d2
5
0.114519 0.5545
0.119528 0.5545
5.1575 0.5545
5.1575 0.6535
0.120499 0.6535
2.65

IMD3a
12
-5.0675 0.6535
-0.030499 0.6535
-0.02549 0.6535
0.02549 0.6535
0.030499 0.6535
0.059501 0.6535
0.06451 0.6535
0.11549 0.6535
0.120499 0.6535
5.1575 0.6535
5.1575 0.6745
-5.0675 0.6745
5.2

IMD3b
4
-5.0675 0.6745
5.1575 0.6745
5.1575 0.6895
-5.0675 0.6895
4.2

IMD3c
4
-5.0675 0.6895
5.1575 0.6895
5.1575 0.7135
-5.0675 0.7135
3.28

IMD3d1+IMD3d2
4
-5.0675 0.7135
5.1575 0.7135
5.1575 0.8405
-5.0675 0.8405
2.65

IMD4a
4
-5.0675 0.8405
5.1575 0.8405
5.1575 0.8615
-5.0675 0.8615
5.2

IMD4b
4
-5.0675 0.8615
5.1575 0.8615
5.1575 0.8765
-5.0675 0.8765
4.2

IMD4c
4
-5.0675 0.8765
5.1575 0.8765
5.1575 0.9005
-5.0675 0.9005
3.28

IMD4d1+IMD4d2
4
-5.0675 0.9005
5.1575 0.9005
5.1575 1.0275
-5.0675 1.0275
2.65

IMD5a
4
-5.0675 1.0275
5.1575 1.0275
5.1575 1.0485
-5.0675 1.0485
5.2

IMD5b
4
-5.0675 1.0485
5.1575 1.0485
5.1575 1.0635
-5.0675 1.0635
4.2

IMD5c
4
-5.0675 1.0635
5.1575 1.0635
5.1575 1.0875
-5.0675 1.0875
3.28

IMD5d1+IMD5d2
4
-5.0675 1.0875
5.1575 1.0875
5.1575 1.2145
-5.0675 1.2145
2.65

IMD6a
4
-5.0675 1.2145
5.1575 1.2145
5.1575 1.2355
-5.0675 1.2355
5.2

IMD6b
4
-5.0675 1.2355
5.1575 1.2355
5.1575 1.2505
-5.0675 1.2505
4.2

IMD6c
4
-5.0675 1.2505
5.1575 1.2505
5.1575 1.2745
-5.0675 1.2745
3.28

IMD6d1+IMD6d2
4
-5.0675 1.2745
5.1575 1.2745
5.1575 1.4015
-5.0675 1.4015
2.65

IMD7a
4
-5.0675 1.4015
5.1575 1.4015
5.1575 1.4765
-5.0675 1.4765
5.2

IMD7b1+IMD7b2
4
-5.0675 1.4765
5.1575 1.4765
5.1575 2.9765
-5.0675 2.9765
4.2

IMD8a
4
-5.0675 2.9765
5.1575 2.9765
5.1575 3.0515
-5.0675 3.0515
5.2

IMD8b1+IMD8b2
4
-5.0675 3.0515
5.1575 3.0515
5.1575 4.5515
-5.0675 4.5515
4.2

PASS1
4
-5.0675 4.5515
5.1575 4.5515
5.1575 4.6265
-5.0675 4.6265
7

PASS2
4
-5.0675 4.6265
5.1575 4.6265
5.1575 5.0265
-5.0675 5.0265
4.2

PASS3
4
-5.0675 5.0265
5.1575 5.0265
5.1575 5.1015
-5.0675 5.1015
7

PASS4+PASS5
4
-5.0675 5.1015
5.1575 5.1015
5.1575 6.0515
-5.0675 6.0515
4.2

PASS6
4
-5.0675 6.0515
5.1575 6.0515
5.1575 6.6515
-5.0675 6.6515
7

air_Layer
4
-5.0675 6.6515
5.1575 6.6515
5.1575 6.9485
-5.0675 6.9485
1


4
-5.0675 0.001
5.1575 0.001
5.1575 6.9485
-5.0675 6.9485

