c1
4
-0.06451 0.5545
0.06451 0.5545
0.07049 0.6535
-0.07049 0.6535

3
botleft
4
-5.2025 -0.001
0 -0.001
0 0.001
-5.2025 0.001

botright
4
0 -0.001
7.1825 -0.001
7.1825 0.001
0 0.001

c2
4
0.38549 0.5545
1.27951 0.5545
1.28549 0.6535
0.37951 0.6535


47
FOXA+FOXB+TOX
5
-5.2025 0.001
0 0.001
7.1825 0.001
7.1825 0.2665
-5.2025 0.2665
4

ILD1a
4
-5.2025 0.2665
7.1825 0.2665
7.1825 0.2765
-5.2025 0.2765
7

ILD1b1+ILD1b2+ILD1b3
4
-5.2025 0.2765
7.1825 0.2765
7.1825 0.3955
-5.2025 0.3955
4

IMD1a
4
-5.2025 0.3955
7.1825 0.3955
7.1825 0.4065
-5.2025 0.4065
5.2

IMD1b
4
-5.2025 0.4065
7.1825 0.4065
7.1825 0.4665
-5.2025 0.4665
2.8

IMD2a
4
-5.2025 0.4665
7.1825 0.4665
7.1825 0.4875
-5.2025 0.4875
5.2

IMD2b
4
-5.2025 0.4875
7.1825 0.4875
7.1825 0.5025
-5.2025 0.5025
4.2

IMD2c
4
-5.2025 0.5025
7.1825 0.5025
7.1825 0.5265
-5.2025 0.5265
3.28

IMD2d1
8
-5.2025 0.5265
7.1825 0.5265
7.1825 0.5445
1.288924 0.5445
0.376076 0.5445
0.073924 0.5445
-0.073924 0.5445
-5.2025 0.5445
2.65

IMD2d1
4
-5.2025 0.5445
-0.073924 0.5445
-0.074528 0.5545
-5.2025 0.5545
2.65

IMD2d1_damage
8
-0.073924 0.5445
0.073924 0.5445
0.074528 0.5545
0.069519 0.5545
0.06451 0.5545
-0.06451 0.5545
-0.069519 0.5545
-0.074528 0.5545
3.1

IMD2d1
4
0.073924 0.5445
0.376076 0.5445
0.375472 0.5545
0.074528 0.5545
2.65

IMD2d1_damage
8
0.376076 0.5445
1.288924 0.5445
1.289528 0.5545
1.284519 0.5545
1.27951 0.5545
0.38549 0.5545
0.380481 0.5545
0.375472 0.5545
3.1

IMD2d1
4
1.288924 0.5445
7.1825 0.5445
7.1825 0.5545
1.289528 0.5545
2.65

IMD2d2
5
-5.2025 0.5545
-0.074528 0.5545
-0.069519 0.5545
-0.075499 0.6535
-5.2025 0.6535
2.65

IMD2d2_damage
4
-0.069519 0.5545
-0.06451 0.5545
-0.07049 0.6535
-0.075499 0.6535
2.9

IMD2d2_damage
4
0.06451 0.5545
0.069519 0.5545
0.075499 0.6535
0.07049 0.6535
2.9

IMD2d2
6
0.069519 0.5545
0.074528 0.5545
0.375472 0.5545
0.380481 0.5545
0.374501 0.6535
0.075499 0.6535
2.65

IMD2d2_damage
4
0.380481 0.5545
0.38549 0.5545
0.37951 0.6535
0.374501 0.6535
2.9

IMD2d2_damage
4
1.27951 0.5545
1.284519 0.5545
1.290499 0.6535
1.28549 0.6535
2.9

IMD2d2
5
1.284519 0.5545
1.289528 0.5545
7.1825 0.5545
7.1825 0.6535
1.290499 0.6535
2.65

IMD3a
12
-5.2025 0.6535
-0.075499 0.6535
-0.07049 0.6535
0.07049 0.6535
0.075499 0.6535
0.374501 0.6535
0.37951 0.6535
1.28549 0.6535
1.290499 0.6535
7.1825 0.6535
7.1825 0.6745
-5.2025 0.6745
5.2

IMD3b
4
-5.2025 0.6745
7.1825 0.6745
7.1825 0.6895
-5.2025 0.6895
4.2

IMD3c
4
-5.2025 0.6895
7.1825 0.6895
7.1825 0.7135
-5.2025 0.7135
3.28

IMD3d1+IMD3d2
4
-5.2025 0.7135
7.1825 0.7135
7.1825 0.8405
-5.2025 0.8405
2.65

IMD4a
4
-5.2025 0.8405
7.1825 0.8405
7.1825 0.8615
-5.2025 0.8615
5.2

IMD4b
4
-5.2025 0.8615
7.1825 0.8615
7.1825 0.8765
-5.2025 0.8765
4.2

IMD4c
4
-5.2025 0.8765
7.1825 0.8765
7.1825 0.9005
-5.2025 0.9005
3.28

IMD4d1+IMD4d2
4
-5.2025 0.9005
7.1825 0.9005
7.1825 1.0275
-5.2025 1.0275
2.65

IMD5a
4
-5.2025 1.0275
7.1825 1.0275
7.1825 1.0485
-5.2025 1.0485
5.2

IMD5b
4
-5.2025 1.0485
7.1825 1.0485
7.1825 1.0635
-5.2025 1.0635
4.2

IMD5c
4
-5.2025 1.0635
7.1825 1.0635
7.1825 1.0875
-5.2025 1.0875
3.28

IMD5d1+IMD5d2
4
-5.2025 1.0875
7.1825 1.0875
7.1825 1.2145
-5.2025 1.2145
2.65

IMD6a
4
-5.2025 1.2145
7.1825 1.2145
7.1825 1.2355
-5.2025 1.2355
5.2

IMD6b
4
-5.2025 1.2355
7.1825 1.2355
7.1825 1.2505
-5.2025 1.2505
4.2

IMD6c
4
-5.2025 1.2505
7.1825 1.2505
7.1825 1.2745
-5.2025 1.2745
3.28

IMD6d1+IMD6d2
4
-5.2025 1.2745
7.1825 1.2745
7.1825 1.4015
-5.2025 1.4015
2.65

IMD7a
4
-5.2025 1.4015
7.1825 1.4015
7.1825 1.4765
-5.2025 1.4765
5.2

IMD7b1+IMD7b2
4
-5.2025 1.4765
7.1825 1.4765
7.1825 2.9765
-5.2025 2.9765
4.2

IMD8a
4
-5.2025 2.9765
7.1825 2.9765
7.1825 3.0515
-5.2025 3.0515
5.2

IMD8b1+IMD8b2
4
-5.2025 3.0515
7.1825 3.0515
7.1825 4.5515
-5.2025 4.5515
4.2

PASS1
4
-5.2025 4.5515
7.1825 4.5515
7.1825 4.6265
-5.2025 4.6265
7

PASS2
4
-5.2025 4.6265
7.1825 4.6265
7.1825 5.0265
-5.2025 5.0265
4.2

PASS3
4
-5.2025 5.0265
7.1825 5.0265
7.1825 5.1015
-5.2025 5.1015
7

PASS4+PASS5
4
-5.2025 5.1015
7.1825 5.1015
7.1825 6.0515
-5.2025 6.0515
4.2

PASS6
4
-5.2025 6.0515
7.1825 6.0515
7.1825 6.6515
-5.2025 6.6515
7

air_Layer
4
-5.2025 6.6515
7.1825 6.6515
7.1825 7.0565
-5.2025 7.0565
1


4
-5.2025 0.001
7.1825 0.001
7.1825 7.0565
-5.2025 7.0565

