c1
4
-0.01951 0.5545
0.01951 0.5545
0.02549 0.6535
-0.02549 0.6535

5
botleft
4
-0.6125 -0.001
0 -0.001
0 0.001
-0.6125 0.001

botright
4
0 -0.001
0.68 -0.001
0.68 0.001
0 0.001

lEnv
4
-0.10951 0.5545
-0.07049 0.5545
-0.06451 0.6535
-0.11549 0.6535

c2
4
0.04799 0.5545
0.08701 0.5545
0.09299 0.6535
0.04201 0.6535

rEnv
4
0.13799 0.5545
0.17701 0.5545
0.18299 0.6535
0.13201 0.6535


57
FOXA+FOXB+TOX
5
-0.6125 0.001
0 0.001
0.68 0.001
0.68 0.2665
-0.6125 0.2665
4

ILD1a
4
-0.6125 0.2665
0.68 0.2665
0.68 0.2765
-0.6125 0.2765
7

ILD1b1+ILD1b2+ILD1b3
4
-0.6125 0.2765
0.68 0.2765
0.68 0.3955
-0.6125 0.3955
4

IMD1a
4
-0.6125 0.3955
0.68 0.3955
0.68 0.4065
-0.6125 0.4065
5.2

IMD1b
4
-0.6125 0.4065
0.68 0.4065
0.68 0.4665
-0.6125 0.4665
2.8

IMD2a
4
-0.6125 0.4665
0.68 0.4665
0.68 0.4875
-0.6125 0.4875
5.2

IMD2b
4
-0.6125 0.4875
0.68 0.4875
0.68 0.5025
-0.6125 0.5025
4.2

IMD2c
4
-0.6125 0.5025
0.68 0.5025
0.68 0.5265
-0.6125 0.5265
3.28

IMD2d1
12
-0.6125 0.5265
0.68 0.5265
0.68 0.5445
0.186424 0.5445
0.128576 0.5445
0.096424 0.5445
0.038576 0.5445
0.028924 0.5445
-0.028924 0.5445
-0.061076 0.5445
-0.118924 0.5445
-0.6125 0.5445
2.65

IMD2d1
4
-0.6125 0.5445
-0.118924 0.5445
-0.119528 0.5545
-0.6125 0.5545
2.65

IMD2d1_damage
8
-0.118924 0.5445
-0.061076 0.5445
-0.060472 0.5545
-0.065481 0.5545
-0.07049 0.5545
-0.10951 0.5545
-0.114519 0.5545
-0.119528 0.5545
3.1

IMD2d1
4
-0.061076 0.5445
-0.028924 0.5445
-0.029528 0.5545
-0.060472 0.5545
2.65

IMD2d1_damage
8
-0.028924 0.5445
0.028924 0.5445
0.029528 0.5545
0.024519 0.5545
0.01951 0.5545
-0.01951 0.5545
-0.024519 0.5545
-0.029528 0.5545
3.1

IMD2d1
4
0.028924 0.5445
0.038576 0.5445
0.037972 0.5545
0.029528 0.5545
2.65

IMD2d1_damage
8
0.038576 0.5445
0.096424 0.5445
0.097028 0.5545
0.092019 0.5545
0.08701 0.5545
0.04799 0.5545
0.042981 0.5545
0.037972 0.5545
3.1

IMD2d1
4
0.096424 0.5445
0.128576 0.5445
0.127972 0.5545
0.097028 0.5545
2.65

IMD2d1_damage
8
0.128576 0.5445
0.186424 0.5445
0.187028 0.5545
0.182019 0.5545
0.17701 0.5545
0.13799 0.5545
0.132981 0.5545
0.127972 0.5545
3.1

IMD2d1
4
0.186424 0.5445
0.68 0.5445
0.68 0.5545
0.187028 0.5545
2.65

IMD2d2
5
-0.6125 0.5545
-0.119528 0.5545
-0.114519 0.5545
-0.120499 0.6535
-0.6125 0.6535
2.65

IMD2d2_damage
4
-0.114519 0.5545
-0.10951 0.5545
-0.11549 0.6535
-0.120499 0.6535
2.9

IMD2d2_damage
4
-0.07049 0.5545
-0.065481 0.5545
-0.059501 0.6535
-0.06451 0.6535
2.9

IMD2d2
6
-0.065481 0.5545
-0.060472 0.5545
-0.029528 0.5545
-0.024519 0.5545
-0.030499 0.6535
-0.059501 0.6535
2.65

IMD2d2_damage
4
-0.024519 0.5545
-0.01951 0.5545
-0.02549 0.6535
-0.030499 0.6535
2.9

IMD2d2_damage
4
0.01951 0.5545
0.024519 0.5545
0.030499 0.6535
0.02549 0.6535
2.9

IMD2d2
6
0.024519 0.5545
0.029528 0.5545
0.037972 0.5545
0.042981 0.5545
0.037001 0.6535
0.030499 0.6535
2.65

IMD2d2_damage
4
0.042981 0.5545
0.04799 0.5545
0.04201 0.6535
0.037001 0.6535
2.9

IMD2d2_damage
4
0.08701 0.5545
0.092019 0.5545
0.097999 0.6535
0.09299 0.6535
2.9

IMD2d2
6
0.092019 0.5545
0.097028 0.5545
0.127972 0.5545
0.132981 0.5545
0.127001 0.6535
0.097999 0.6535
2.65

IMD2d2_damage
4
0.132981 0.5545
0.13799 0.5545
0.13201 0.6535
0.127001 0.6535
2.9

IMD2d2_damage
4
0.17701 0.5545
0.182019 0.5545
0.187999 0.6535
0.18299 0.6535
2.9

IMD2d2
5
0.182019 0.5545
0.187028 0.5545
0.68 0.5545
0.68 0.6535
0.187999 0.6535
2.65

IMD3a
20
-0.6125 0.6535
-0.120499 0.6535
-0.11549 0.6535
-0.06451 0.6535
-0.059501 0.6535
-0.030499 0.6535
-0.02549 0.6535
0.02549 0.6535
0.030499 0.6535
0.037001 0.6535
0.04201 0.6535
0.09299 0.6535
0.097999 0.6535
0.127001 0.6535
0.13201 0.6535
0.18299 0.6535
0.187999 0.6535
0.68 0.6535
0.68 0.6745
-0.6125 0.6745
5.2

IMD3b
4
-0.6125 0.6745
0.68 0.6745
0.68 0.6895
-0.6125 0.6895
4.2

IMD3c
4
-0.6125 0.6895
0.68 0.6895
0.68 0.7135
-0.6125 0.7135
3.28

IMD3d1+IMD3d2
4
-0.6125 0.7135
0.68 0.7135
0.68 0.8405
-0.6125 0.8405
2.65

IMD4a
4
-0.6125 0.8405
0.68 0.8405
0.68 0.8615
-0.6125 0.8615
5.2

IMD4b
4
-0.6125 0.8615
0.68 0.8615
0.68 0.8765
-0.6125 0.8765
4.2

IMD4c
4
-0.6125 0.8765
0.68 0.8765
0.68 0.9005
-0.6125 0.9005
3.28

IMD4d1+IMD4d2
4
-0.6125 0.9005
0.68 0.9005
0.68 1.0275
-0.6125 1.0275
2.65

IMD5a
4
-0.6125 1.0275
0.68 1.0275
0.68 1.0485
-0.6125 1.0485
5.2

IMD5b
4
-0.6125 1.0485
0.68 1.0485
0.68 1.0635
-0.6125 1.0635
4.2

IMD5c
4
-0.6125 1.0635
0.68 1.0635
0.68 1.0875
-0.6125 1.0875
3.28

IMD5d1+IMD5d2
4
-0.6125 1.0875
0.68 1.0875
0.68 1.2145
-0.6125 1.2145
2.65

IMD6a
4
-0.6125 1.2145
0.68 1.2145
0.68 1.2355
-0.6125 1.2355
5.2

IMD6b
4
-0.6125 1.2355
0.68 1.2355
0.68 1.2505
-0.6125 1.2505
4.2

IMD6c
4
-0.6125 1.2505
0.68 1.2505
0.68 1.2745
-0.6125 1.2745
3.28

IMD6d1+IMD6d2
4
-0.6125 1.2745
0.68 1.2745
0.68 1.4015
-0.6125 1.4015
2.65

IMD7a
4
-0.6125 1.4015
0.68 1.4015
0.68 1.4765
-0.6125 1.4765
5.2

IMD7b1+IMD7b2
4
-0.6125 1.4765
0.68 1.4765
0.68 2.9765
-0.6125 2.9765
4.2

IMD8a
4
-0.6125 2.9765
0.68 2.9765
0.68 3.0515
-0.6125 3.0515
5.2

IMD8b1+IMD8b2
4
-0.6125 3.0515
0.68 3.0515
0.68 4.5515
-0.6125 4.5515
4.2

PASS1
4
-0.6125 4.5515
0.68 4.5515
0.68 4.6265
-0.6125 4.6265
7

PASS2
4
-0.6125 4.6265
0.68 4.6265
0.68 5.0265
-0.6125 5.0265
4.2

PASS3
4
-0.6125 5.0265
0.68 5.0265
0.68 5.1015
-0.6125 5.1015
7

PASS4+PASS5
4
-0.6125 5.1015
0.68 5.1015
0.68 6.0515
-0.6125 6.0515
4.2

PASS6
4
-0.6125 6.0515
0.68 6.0515
0.68 6.6515
-0.6125 6.6515
7

air_Layer
4
-0.6125 6.6515
0.68 6.6515
0.68 6.9485
-0.6125 6.9485
1


4
-0.6125 0.001
0.68 0.001
0.68 6.9485
-0.6125 6.9485

