c1
4
-0.44701 0.5545
0.44701 0.5545
0.45299 0.6535
-0.45299 0.6535

2
botleft
4
-6.35 -0.001
0 -0.001
0 0.001
-6.35 0.001

botright
4
0 -0.001
10.04 -0.001
10.04 0.001
0 0.001


42
FOXA+FOXB+TOX
5
-6.35 0.001
0 0.001
10.04 0.001
10.04 0.2665
-6.35 0.2665
4

ILD1a
4
-6.35 0.2665
10.04 0.2665
10.04 0.2765
-6.35 0.2765
7

ILD1b1+ILD1b2+ILD1b3
4
-6.35 0.2765
10.04 0.2765
10.04 0.3955
-6.35 0.3955
4

IMD1a
4
-6.35 0.3955
10.04 0.3955
10.04 0.4065
-6.35 0.4065
5.2

IMD1b
4
-6.35 0.4065
10.04 0.4065
10.04 0.4665
-6.35 0.4665
2.8

IMD2a
4
-6.35 0.4665
10.04 0.4665
10.04 0.4875
-6.35 0.4875
5.2

IMD2b
4
-6.35 0.4875
10.04 0.4875
10.04 0.5025
-6.35 0.5025
4.2

IMD2c
4
-6.35 0.5025
10.04 0.5025
10.04 0.5265
-6.35 0.5265
3.28

IMD2d1
6
-6.35 0.5265
10.04 0.5265
10.04 0.5445
0.456424 0.5445
-0.456424 0.5445
-6.35 0.5445
2.65

IMD2d1
4
-6.35 0.5445
-0.456424 0.5445
-0.457028 0.5545
-6.35 0.5545
2.65

IMD2d1_damage
8
-0.456424 0.5445
0.456424 0.5445
0.457028 0.5545
0.452019 0.5545
0.44701 0.5545
-0.44701 0.5545
-0.452019 0.5545
-0.457028 0.5545
3.1

IMD2d1
4
0.456424 0.5445
10.04 0.5445
10.04 0.5545
0.457028 0.5545
2.65

IMD2d2
5
-6.35 0.5545
-0.457028 0.5545
-0.452019 0.5545
-0.457999 0.6535
-6.35 0.6535
2.65

IMD2d2_damage
4
-0.452019 0.5545
-0.44701 0.5545
-0.45299 0.6535
-0.457999 0.6535
2.9

IMD2d2_damage
4
0.44701 0.5545
0.452019 0.5545
0.457999 0.6535
0.45299 0.6535
2.9

IMD2d2
5
0.452019 0.5545
0.457028 0.5545
10.04 0.5545
10.04 0.6535
0.457999 0.6535
2.65

IMD3a
8
-6.35 0.6535
-0.457999 0.6535
-0.45299 0.6535
0.45299 0.6535
0.457999 0.6535
10.04 0.6535
10.04 0.6745
-6.35 0.6745
5.2

IMD3b
4
-6.35 0.6745
10.04 0.6745
10.04 0.6895
-6.35 0.6895
4.2

IMD3c
4
-6.35 0.6895
10.04 0.6895
10.04 0.7135
-6.35 0.7135
3.28

IMD3d1+IMD3d2
4
-6.35 0.7135
10.04 0.7135
10.04 0.8405
-6.35 0.8405
2.65

IMD4a
4
-6.35 0.8405
10.04 0.8405
10.04 0.8615
-6.35 0.8615
5.2

IMD4b
4
-6.35 0.8615
10.04 0.8615
10.04 0.8765
-6.35 0.8765
4.2

IMD4c
4
-6.35 0.8765
10.04 0.8765
10.04 0.9005
-6.35 0.9005
3.28

IMD4d1+IMD4d2
4
-6.35 0.9005
10.04 0.9005
10.04 1.0275
-6.35 1.0275
2.65

IMD5a
4
-6.35 1.0275
10.04 1.0275
10.04 1.0485
-6.35 1.0485
5.2

IMD5b
4
-6.35 1.0485
10.04 1.0485
10.04 1.0635
-6.35 1.0635
4.2

IMD5c
4
-6.35 1.0635
10.04 1.0635
10.04 1.0875
-6.35 1.0875
3.28

IMD5d1+IMD5d2
4
-6.35 1.0875
10.04 1.0875
10.04 1.2145
-6.35 1.2145
2.65

IMD6a
4
-6.35 1.2145
10.04 1.2145
10.04 1.2355
-6.35 1.2355
5.2

IMD6b
4
-6.35 1.2355
10.04 1.2355
10.04 1.2505
-6.35 1.2505
4.2

IMD6c
4
-6.35 1.2505
10.04 1.2505
10.04 1.2745
-6.35 1.2745
3.28

IMD6d1+IMD6d2
4
-6.35 1.2745
10.04 1.2745
10.04 1.4015
-6.35 1.4015
2.65

IMD7a
4
-6.35 1.4015
10.04 1.4015
10.04 1.4765
-6.35 1.4765
5.2

IMD7b1+IMD7b2
4
-6.35 1.4765
10.04 1.4765
10.04 2.9765
-6.35 2.9765
4.2

IMD8a
4
-6.35 2.9765
10.04 2.9765
10.04 3.0515
-6.35 3.0515
5.2

IMD8b1+IMD8b2
4
-6.35 3.0515
10.04 3.0515
10.04 4.5515
-6.35 4.5515
4.2

PASS1
4
-6.35 4.5515
10.04 4.5515
10.04 4.6265
-6.35 4.6265
7

PASS2
4
-6.35 4.6265
10.04 4.6265
10.04 5.0265
-6.35 5.0265
4.2

PASS3
4
-6.35 5.0265
10.04 5.0265
10.04 5.1015
-6.35 5.1015
7

PASS4+PASS5
4
-6.35 5.1015
10.04 5.1015
10.04 6.0515
-6.35 6.0515
4.2

PASS6
4
-6.35 6.0515
10.04 6.0515
10.04 6.6515
-6.35 6.6515
7

air_Layer
4
-6.35 6.6515
10.04 6.6515
10.04 9.3515
-6.35 9.3515
1


4
-6.35 0.001
10.04 0.001
10.04 9.3515
-6.35 9.3515

