c1
4
-0.01951 0.5545
0.01951 0.5545
0.02549 0.6535
-0.02549 0.6535

5
botleft
4
-0.8825 -0.001
0 -0.001
0 0.001
-0.8825 0.001

botright
4
0 -0.001
1.148 -0.001
1.148 0.001
0 0.001

lEnv
4
-0.37951 0.5545
-0.34049 0.5545
-0.33451 0.6535
-0.38549 0.6535

c2
4
0.06599 0.5545
0.19501 0.5545
0.20099 0.6535
0.06001 0.6535

rEnv
4
0.51599 0.5545
0.64501 0.5545
0.65099 0.6535
0.51001 0.6535


57
FOXA+FOXB+TOX
6
-0.8825 0.001
0 0.001
1.148 0.001
1.1481 0.001
1.1481 0.2665
-0.8825 0.2665
4

ILD1a
4
-0.8825 0.2665
1.1481 0.2665
1.1481 0.2765
-0.8825 0.2765
7

ILD1b1+ILD1b2+ILD1b3
4
-0.8825 0.2765
1.1481 0.2765
1.1481 0.3955
-0.8825 0.3955
4

IMD1a
4
-0.8825 0.3955
1.1481 0.3955
1.1481 0.4065
-0.8825 0.4065
5.2

IMD1b
4
-0.8825 0.4065
1.1481 0.4065
1.1481 0.4665
-0.8825 0.4665
2.8

IMD2a
4
-0.8825 0.4665
1.1481 0.4665
1.1481 0.4875
-0.8825 0.4875
5.2

IMD2b
4
-0.8825 0.4875
1.1481 0.4875
1.1481 0.5025
-0.8825 0.5025
4.2

IMD2c
4
-0.8825 0.5025
1.1481 0.5025
1.1481 0.5265
-0.8825 0.5265
3.28

IMD2d1
12
-0.8825 0.5265
1.1481 0.5265
1.1481 0.5445
0.654424 0.5445
0.506576 0.5445
0.204424 0.5445
0.056576 0.5445
0.028924 0.5445
-0.028924 0.5445
-0.331076 0.5445
-0.388924 0.5445
-0.8825 0.5445
2.65

IMD2d1
4
-0.8825 0.5445
-0.388924 0.5445
-0.389528 0.5545
-0.8825 0.5545
2.65

IMD2d1_damage
8
-0.388924 0.5445
-0.331076 0.5445
-0.330472 0.5545
-0.335481 0.5545
-0.34049 0.5545
-0.37951 0.5545
-0.384519 0.5545
-0.389528 0.5545
3.1

IMD2d1
4
-0.331076 0.5445
-0.028924 0.5445
-0.029528 0.5545
-0.330472 0.5545
2.65

IMD2d1_damage
8
-0.028924 0.5445
0.028924 0.5445
0.029528 0.5545
0.024519 0.5545
0.01951 0.5545
-0.01951 0.5545
-0.024519 0.5545
-0.029528 0.5545
3.1

IMD2d1
4
0.028924 0.5445
0.056576 0.5445
0.055972 0.5545
0.029528 0.5545
2.65

IMD2d1_damage
8
0.056576 0.5445
0.204424 0.5445
0.205028 0.5545
0.200019 0.5545
0.19501 0.5545
0.06599 0.5545
0.060981 0.5545
0.055972 0.5545
3.1

IMD2d1
4
0.204424 0.5445
0.506576 0.5445
0.505972 0.5545
0.205028 0.5545
2.65

IMD2d1_damage
8
0.506576 0.5445
0.654424 0.5445
0.655028 0.5545
0.650019 0.5545
0.64501 0.5545
0.51599 0.5545
0.510981 0.5545
0.505972 0.5545
3.1

IMD2d1
4
0.654424 0.5445
1.1481 0.5445
1.1481 0.5545
0.655028 0.5545
2.65

IMD2d2
5
-0.8825 0.5545
-0.389528 0.5545
-0.384519 0.5545
-0.390499 0.6535
-0.8825 0.6535
2.65

IMD2d2_damage
4
-0.384519 0.5545
-0.37951 0.5545
-0.38549 0.6535
-0.390499 0.6535
2.9

IMD2d2_damage
4
-0.34049 0.5545
-0.335481 0.5545
-0.329501 0.6535
-0.33451 0.6535
2.9

IMD2d2
6
-0.335481 0.5545
-0.330472 0.5545
-0.029528 0.5545
-0.024519 0.5545
-0.030499 0.6535
-0.329501 0.6535
2.65

IMD2d2_damage
4
-0.024519 0.5545
-0.01951 0.5545
-0.02549 0.6535
-0.030499 0.6535
2.9

IMD2d2_damage
4
0.01951 0.5545
0.024519 0.5545
0.030499 0.6535
0.02549 0.6535
2.9

IMD2d2
6
0.024519 0.5545
0.029528 0.5545
0.055972 0.5545
0.060981 0.5545
0.055001 0.6535
0.030499 0.6535
2.65

IMD2d2_damage
4
0.060981 0.5545
0.06599 0.5545
0.06001 0.6535
0.055001 0.6535
2.9

IMD2d2_damage
4
0.19501 0.5545
0.200019 0.5545
0.205999 0.6535
0.20099 0.6535
2.9

IMD2d2
6
0.200019 0.5545
0.205028 0.5545
0.505972 0.5545
0.510981 0.5545
0.505001 0.6535
0.205999 0.6535
2.65

IMD2d2_damage
4
0.510981 0.5545
0.51599 0.5545
0.51001 0.6535
0.505001 0.6535
2.9

IMD2d2_damage
4
0.64501 0.5545
0.650019 0.5545
0.655999 0.6535
0.65099 0.6535
2.9

IMD2d2
5
0.650019 0.5545
0.655028 0.5545
1.1481 0.5545
1.1481 0.6535
0.655999 0.6535
2.65

IMD3a
20
-0.8825 0.6535
-0.390499 0.6535
-0.38549 0.6535
-0.33451 0.6535
-0.329501 0.6535
-0.030499 0.6535
-0.02549 0.6535
0.02549 0.6535
0.030499 0.6535
0.055001 0.6535
0.06001 0.6535
0.20099 0.6535
0.205999 0.6535
0.505001 0.6535
0.51001 0.6535
0.65099 0.6535
0.655999 0.6535
1.1481 0.6535
1.1481 0.6745
-0.8825 0.6745
5.2

IMD3b
4
-0.8825 0.6745
1.1481 0.6745
1.1481 0.6895
-0.8825 0.6895
4.2

IMD3c
4
-0.8825 0.6895
1.1481 0.6895
1.1481 0.7135
-0.8825 0.7135
3.28

IMD3d1+IMD3d2
4
-0.8825 0.7135
1.1481 0.7135
1.1481 0.8405
-0.8825 0.8405
2.65

IMD4a
4
-0.8825 0.8405
1.1481 0.8405
1.1481 0.8615
-0.8825 0.8615
5.2

IMD4b
4
-0.8825 0.8615
1.1481 0.8615
1.1481 0.8765
-0.8825 0.8765
4.2

IMD4c
4
-0.8825 0.8765
1.1481 0.8765
1.1481 0.9005
-0.8825 0.9005
3.28

IMD4d1+IMD4d2
4
-0.8825 0.9005
1.1481 0.9005
1.1481 1.0275
-0.8825 1.0275
2.65

IMD5a
4
-0.8825 1.0275
1.1481 1.0275
1.1481 1.0485
-0.8825 1.0485
5.2

IMD5b
4
-0.8825 1.0485
1.1481 1.0485
1.1481 1.0635
-0.8825 1.0635
4.2

IMD5c
4
-0.8825 1.0635
1.1481 1.0635
1.1481 1.0875
-0.8825 1.0875
3.28

IMD5d1+IMD5d2
4
-0.8825 1.0875
1.1481 1.0875
1.1481 1.2145
-0.8825 1.2145
2.65

IMD6a
4
-0.8825 1.2145
1.1481 1.2145
1.1481 1.2355
-0.8825 1.2355
5.2

IMD6b
4
-0.8825 1.2355
1.1481 1.2355
1.1481 1.2505
-0.8825 1.2505
4.2

IMD6c
4
-0.8825 1.2505
1.1481 1.2505
1.1481 1.2745
-0.8825 1.2745
3.28

IMD6d1+IMD6d2
4
-0.8825 1.2745
1.1481 1.2745
1.1481 1.4015
-0.8825 1.4015
2.65

IMD7a
4
-0.8825 1.4015
1.1481 1.4015
1.1481 1.4765
-0.8825 1.4765
5.2

IMD7b1+IMD7b2
4
-0.8825 1.4765
1.1481 1.4765
1.1481 2.9765
-0.8825 2.9765
4.2

IMD8a
4
-0.8825 2.9765
1.1481 2.9765
1.1481 3.0515
-0.8825 3.0515
5.2

IMD8b1+IMD8b2
4
-0.8825 3.0515
1.1481 3.0515
1.1481 4.5515
-0.8825 4.5515
4.2

PASS1
4
-0.8825 4.5515
1.1481 4.5515
1.1481 4.6265
-0.8825 4.6265
7

PASS2
4
-0.8825 4.6265
1.1481 4.6265
1.1481 5.0265
-0.8825 5.0265
4.2

PASS3
4
-0.8825 5.0265
1.1481 5.0265
1.1481 5.1015
-0.8825 5.1015
7

PASS4+PASS5
4
-0.8825 5.1015
1.1481 5.1015
1.1481 6.0515
-0.8825 6.0515
4.2

PASS6
4
-0.8825 6.0515
1.1481 6.0515
1.1481 6.6515
-0.8825 6.6515
7

air_Layer
4
-0.8825 6.6515
1.1481 6.6515
1.1481 6.9485
-0.8825 6.9485
1


4
-0.8825 0.001
1.1481 0.001
1.1481 6.9485
-0.8825 6.9485

