c1
4
-0.01951 0.7415
0.01951 0.7415
0.02549 0.8405
-0.02549 0.8405

5
botleft
4
-0.8825 -0.001
0 -0.001
0 0.001
-0.8825 0.001

botright
4
0 -0.001
2.8625 -0.001
2.8625 0.001
0 0.001

lEnv
4
-0.37951 0.7415
-0.34049 0.7415
-0.33451 0.8405
-0.38549 0.8405

c2
4
0.25049 0.7415
1.14451 0.7415
1.15049 0.8405
0.24451 0.8405

rEnv
4
1.46549 0.7415
2.35951 0.7415
2.36549 0.8405
1.45951 0.8405


57
FOXA+FOXB+TOX
5
-0.8825 0.001
0 0.001
2.8625 0.001
2.8625 0.2665
-0.8825 0.2665
4

ILD1a
4
-0.8825 0.2665
2.8625 0.2665
2.8625 0.2765
-0.8825 0.2765
7

ILD1b1+ILD1b2+ILD1b3
4
-0.8825 0.2765
2.8625 0.2765
2.8625 0.3955
-0.8825 0.3955
4

IMD1a
4
-0.8825 0.3955
2.8625 0.3955
2.8625 0.4065
-0.8825 0.4065
5.2

IMD1b
4
-0.8825 0.4065
2.8625 0.4065
2.8625 0.4665
-0.8825 0.4665
2.8

IMD2a
4
-0.8825 0.4665
2.8625 0.4665
2.8625 0.4875
-0.8825 0.4875
5.2

IMD2b
4
-0.8825 0.4875
2.8625 0.4875
2.8625 0.5025
-0.8825 0.5025
4.2

IMD2c
4
-0.8825 0.5025
2.8625 0.5025
2.8625 0.5265
-0.8825 0.5265
3.28

IMD2d1+IMD2d2
4
-0.8825 0.5265
2.8625 0.5265
2.8625 0.6535
-0.8825 0.6535
2.65

IMD3a
4
-0.8825 0.6535
2.8625 0.6535
2.8625 0.6745
-0.8825 0.6745
5.2

IMD3b
4
-0.8825 0.6745
2.8625 0.6745
2.8625 0.6895
-0.8825 0.6895
4.2

IMD3c
4
-0.8825 0.6895
2.8625 0.6895
2.8625 0.7135
-0.8825 0.7135
3.28

IMD3d1
12
-0.8825 0.7135
2.8625 0.7135
2.8625 0.7315
2.368924 0.7315
1.456076 0.7315
1.153924 0.7315
0.241076 0.7315
0.028924 0.7315
-0.028924 0.7315
-0.331076 0.7315
-0.388924 0.7315
-0.8825 0.7315
2.65

IMD3d1
4
-0.8825 0.7315
-0.388924 0.7315
-0.389528 0.7415
-0.8825 0.7415
2.65

IMD3d1_damage
8
-0.388924 0.7315
-0.331076 0.7315
-0.330472 0.7415
-0.335481 0.7415
-0.34049 0.7415
-0.37951 0.7415
-0.384519 0.7415
-0.389528 0.7415
3.1

IMD3d1
4
-0.331076 0.7315
-0.028924 0.7315
-0.029528 0.7415
-0.330472 0.7415
2.65

IMD3d1_damage
8
-0.028924 0.7315
0.028924 0.7315
0.029528 0.7415
0.024519 0.7415
0.01951 0.7415
-0.01951 0.7415
-0.024519 0.7415
-0.029528 0.7415
3.1

IMD3d1
4
0.028924 0.7315
0.241076 0.7315
0.240472 0.7415
0.029528 0.7415
2.65

IMD3d1_damage
8
0.241076 0.7315
1.153924 0.7315
1.154528 0.7415
1.149519 0.7415
1.14451 0.7415
0.25049 0.7415
0.245481 0.7415
0.240472 0.7415
3.1

IMD3d1
4
1.153924 0.7315
1.456076 0.7315
1.455472 0.7415
1.154528 0.7415
2.65

IMD3d1_damage
8
1.456076 0.7315
2.368924 0.7315
2.369528 0.7415
2.364519 0.7415
2.35951 0.7415
1.46549 0.7415
1.460481 0.7415
1.455472 0.7415
3.1

IMD3d1
4
2.368924 0.7315
2.8625 0.7315
2.8625 0.7415
2.369528 0.7415
2.65

IMD3d2
5
-0.8825 0.7415
-0.389528 0.7415
-0.384519 0.7415
-0.390499 0.8405
-0.8825 0.8405
2.65

IMD3d2_damage
4
-0.384519 0.7415
-0.37951 0.7415
-0.38549 0.8405
-0.390499 0.8405
2.9

IMD3d2_damage
4
-0.34049 0.7415
-0.335481 0.7415
-0.329501 0.8405
-0.33451 0.8405
2.9

IMD3d2
6
-0.335481 0.7415
-0.330472 0.7415
-0.029528 0.7415
-0.024519 0.7415
-0.030499 0.8405
-0.329501 0.8405
2.65

IMD3d2_damage
4
-0.024519 0.7415
-0.01951 0.7415
-0.02549 0.8405
-0.030499 0.8405
2.9

IMD3d2_damage
4
0.01951 0.7415
0.024519 0.7415
0.030499 0.8405
0.02549 0.8405
2.9

IMD3d2
6
0.024519 0.7415
0.029528 0.7415
0.240472 0.7415
0.245481 0.7415
0.239501 0.8405
0.030499 0.8405
2.65

IMD3d2_damage
4
0.245481 0.7415
0.25049 0.7415
0.24451 0.8405
0.239501 0.8405
2.9

IMD3d2_damage
4
1.14451 0.7415
1.149519 0.7415
1.155499 0.8405
1.15049 0.8405
2.9

IMD3d2
6
1.149519 0.7415
1.154528 0.7415
1.455472 0.7415
1.460481 0.7415
1.454501 0.8405
1.155499 0.8405
2.65

IMD3d2_damage
4
1.460481 0.7415
1.46549 0.7415
1.45951 0.8405
1.454501 0.8405
2.9

IMD3d2_damage
4
2.35951 0.7415
2.364519 0.7415
2.370499 0.8405
2.36549 0.8405
2.9

IMD3d2
5
2.364519 0.7415
2.369528 0.7415
2.8625 0.7415
2.8625 0.8405
2.370499 0.8405
2.65

IMD4a
20
-0.8825 0.8405
-0.390499 0.8405
-0.38549 0.8405
-0.33451 0.8405
-0.329501 0.8405
-0.030499 0.8405
-0.02549 0.8405
0.02549 0.8405
0.030499 0.8405
0.239501 0.8405
0.24451 0.8405
1.15049 0.8405
1.155499 0.8405
1.454501 0.8405
1.45951 0.8405
2.36549 0.8405
2.370499 0.8405
2.8625 0.8405
2.8625 0.8615
-0.8825 0.8615
5.2

IMD4b
4
-0.8825 0.8615
2.8625 0.8615
2.8625 0.8765
-0.8825 0.8765
4.2

IMD4c
4
-0.8825 0.8765
2.8625 0.8765
2.8625 0.9005
-0.8825 0.9005
3.28

IMD4d1+IMD4d2
4
-0.8825 0.9005
2.8625 0.9005
2.8625 1.0275
-0.8825 1.0275
2.65

IMD5a
4
-0.8825 1.0275
2.8625 1.0275
2.8625 1.0485
-0.8825 1.0485
5.2

IMD5b
4
-0.8825 1.0485
2.8625 1.0485
2.8625 1.0635
-0.8825 1.0635
4.2

IMD5c
4
-0.8825 1.0635
2.8625 1.0635
2.8625 1.0875
-0.8825 1.0875
3.28

IMD5d1+IMD5d2
4
-0.8825 1.0875
2.8625 1.0875
2.8625 1.2145
-0.8825 1.2145
2.65

IMD6a
4
-0.8825 1.2145
2.8625 1.2145
2.8625 1.2355
-0.8825 1.2355
5.2

IMD6b
4
-0.8825 1.2355
2.8625 1.2355
2.8625 1.2505
-0.8825 1.2505
4.2

IMD6c
4
-0.8825 1.2505
2.8625 1.2505
2.8625 1.2745
-0.8825 1.2745
3.28

IMD6d1+IMD6d2
4
-0.8825 1.2745
2.8625 1.2745
2.8625 1.4015
-0.8825 1.4015
2.65

IMD7a
4
-0.8825 1.4015
2.8625 1.4015
2.8625 1.4765
-0.8825 1.4765
5.2

IMD7b1+IMD7b2
4
-0.8825 1.4765
2.8625 1.4765
2.8625 2.9765
-0.8825 2.9765
4.2

IMD8a
4
-0.8825 2.9765
2.8625 2.9765
2.8625 3.0515
-0.8825 3.0515
5.2

IMD8b1+IMD8b2
4
-0.8825 3.0515
2.8625 3.0515
2.8625 4.5515
-0.8825 4.5515
4.2

PASS1
4
-0.8825 4.5515
2.8625 4.5515
2.8625 4.6265
-0.8825 4.6265
7

PASS2
4
-0.8825 4.6265
2.8625 4.6265
2.8625 5.0265
-0.8825 5.0265
4.2

PASS3
4
-0.8825 5.0265
2.8625 5.0265
2.8625 5.1015
-0.8825 5.1015
7

PASS4+PASS5
4
-0.8825 5.1015
2.8625 5.1015
2.8625 6.0515
-0.8825 6.0515
4.2

PASS6
4
-0.8825 6.0515
2.8625 6.0515
2.8625 6.6515
-0.8825 6.6515
7

air_Layer
4
-0.8825 6.6515
2.8625 6.6515
2.8625 6.9485
-0.8825 6.9485
1


4
-0.8825 0.001
2.8625 0.001
2.8625 6.9485
-0.8825 6.9485

