c1
4
-0.06451 0.7415
0.06451 0.7415
0.07049 0.8405
-0.07049 0.8405

5
botleft
4
-0.7475 -0.001
0 -0.001
0 0.001
-0.7475 0.001

botright
4
0 -0.001
1.6925 -0.001
1.6925 0.001
0 0.001

lEnv
4
-0.24451 0.7415
-0.11549 0.7415
-0.10951 0.8405
-0.25049 0.8405

c2
4
0.88049 0.7415
1.00951 0.7415
1.01549 0.8405
0.87451 0.8405

rEnv
4
1.06049 0.7415
1.18951 0.7415
1.19549 0.8405
1.05451 0.8405


57
FOXA+FOXB+TOX
6
-0.7476 0.001
-0.7475 0.001
0 0.001
1.6925 0.001
1.6925 0.2665
-0.7476 0.2665
4

ILD1a
4
-0.7476 0.2665
1.6925 0.2665
1.6925 0.2765
-0.7476 0.2765
7

ILD1b1+ILD1b2+ILD1b3
4
-0.7476 0.2765
1.6925 0.2765
1.6925 0.3955
-0.7476 0.3955
4

IMD1a
4
-0.7476 0.3955
1.6925 0.3955
1.6925 0.4065
-0.7476 0.4065
5.2

IMD1b
4
-0.7476 0.4065
1.6925 0.4065
1.6925 0.4665
-0.7476 0.4665
2.8

IMD2a
4
-0.7476 0.4665
1.6925 0.4665
1.6925 0.4875
-0.7476 0.4875
5.2

IMD2b
4
-0.7476 0.4875
1.6925 0.4875
1.6925 0.5025
-0.7476 0.5025
4.2

IMD2c
4
-0.7476 0.5025
1.6925 0.5025
1.6925 0.5265
-0.7476 0.5265
3.28

IMD2d1+IMD2d2
4
-0.7476 0.5265
1.6925 0.5265
1.6925 0.6535
-0.7476 0.6535
2.65

IMD3a
4
-0.7476 0.6535
1.6925 0.6535
1.6925 0.6745
-0.7476 0.6745
5.2

IMD3b
4
-0.7476 0.6745
1.6925 0.6745
1.6925 0.6895
-0.7476 0.6895
4.2

IMD3c
4
-0.7476 0.6895
1.6925 0.6895
1.6925 0.7135
-0.7476 0.7135
3.28

IMD3d1
12
-0.7476 0.7135
1.6925 0.7135
1.6925 0.7315
1.198924 0.7315
1.051076 0.7315
1.018924 0.7315
0.871076 0.7315
0.073924 0.7315
-0.073924 0.7315
-0.106076 0.7315
-0.253924 0.7315
-0.7476 0.7315
2.65

IMD3d1
4
-0.7476 0.7315
-0.253924 0.7315
-0.254528 0.7415
-0.7476 0.7415
2.65

IMD3d1_damage
8
-0.253924 0.7315
-0.106076 0.7315
-0.105472 0.7415
-0.110481 0.7415
-0.11549 0.7415
-0.24451 0.7415
-0.249519 0.7415
-0.254528 0.7415
3.1

IMD3d1
4
-0.106076 0.7315
-0.073924 0.7315
-0.074528 0.7415
-0.105472 0.7415
2.65

IMD3d1_damage
8
-0.073924 0.7315
0.073924 0.7315
0.074528 0.7415
0.069519 0.7415
0.06451 0.7415
-0.06451 0.7415
-0.069519 0.7415
-0.074528 0.7415
3.1

IMD3d1
4
0.073924 0.7315
0.871076 0.7315
0.870472 0.7415
0.074528 0.7415
2.65

IMD3d1_damage
8
0.871076 0.7315
1.018924 0.7315
1.019528 0.7415
1.014519 0.7415
1.00951 0.7415
0.88049 0.7415
0.875481 0.7415
0.870472 0.7415
3.1

IMD3d1
4
1.018924 0.7315
1.051076 0.7315
1.050472 0.7415
1.019528 0.7415
2.65

IMD3d1_damage
8
1.051076 0.7315
1.198924 0.7315
1.199528 0.7415
1.194519 0.7415
1.18951 0.7415
1.06049 0.7415
1.055481 0.7415
1.050472 0.7415
3.1

IMD3d1
4
1.198924 0.7315
1.6925 0.7315
1.6925 0.7415
1.199528 0.7415
2.65

IMD3d2
5
-0.7476 0.7415
-0.254528 0.7415
-0.249519 0.7415
-0.255499 0.8405
-0.7476 0.8405
2.65

IMD3d2_damage
4
-0.249519 0.7415
-0.24451 0.7415
-0.25049 0.8405
-0.255499 0.8405
2.9

IMD3d2_damage
4
-0.11549 0.7415
-0.110481 0.7415
-0.104501 0.8405
-0.10951 0.8405
2.9

IMD3d2
6
-0.110481 0.7415
-0.105472 0.7415
-0.074528 0.7415
-0.069519 0.7415
-0.075499 0.8405
-0.104501 0.8405
2.65

IMD3d2_damage
4
-0.069519 0.7415
-0.06451 0.7415
-0.07049 0.8405
-0.075499 0.8405
2.9

IMD3d2_damage
4
0.06451 0.7415
0.069519 0.7415
0.075499 0.8405
0.07049 0.8405
2.9

IMD3d2
6
0.069519 0.7415
0.074528 0.7415
0.870472 0.7415
0.875481 0.7415
0.869501 0.8405
0.075499 0.8405
2.65

IMD3d2_damage
4
0.875481 0.7415
0.88049 0.7415
0.87451 0.8405
0.869501 0.8405
2.9

IMD3d2_damage
4
1.00951 0.7415
1.014519 0.7415
1.020499 0.8405
1.01549 0.8405
2.9

IMD3d2
6
1.014519 0.7415
1.019528 0.7415
1.050472 0.7415
1.055481 0.7415
1.049501 0.8405
1.020499 0.8405
2.65

IMD3d2_damage
4
1.055481 0.7415
1.06049 0.7415
1.05451 0.8405
1.049501 0.8405
2.9

IMD3d2_damage
4
1.18951 0.7415
1.194519 0.7415
1.200499 0.8405
1.19549 0.8405
2.9

IMD3d2
5
1.194519 0.7415
1.199528 0.7415
1.6925 0.7415
1.6925 0.8405
1.200499 0.8405
2.65

IMD4a
20
-0.7476 0.8405
-0.255499 0.8405
-0.25049 0.8405
-0.10951 0.8405
-0.104501 0.8405
-0.075499 0.8405
-0.07049 0.8405
0.07049 0.8405
0.075499 0.8405
0.869501 0.8405
0.87451 0.8405
1.01549 0.8405
1.020499 0.8405
1.049501 0.8405
1.05451 0.8405
1.19549 0.8405
1.200499 0.8405
1.6925 0.8405
1.6925 0.8615
-0.7476 0.8615
5.2

IMD4b
4
-0.7476 0.8615
1.6925 0.8615
1.6925 0.8765
-0.7476 0.8765
4.2

IMD4c
4
-0.7476 0.8765
1.6925 0.8765
1.6925 0.9005
-0.7476 0.9005
3.28

IMD4d1+IMD4d2
4
-0.7476 0.9005
1.6925 0.9005
1.6925 1.0275
-0.7476 1.0275
2.65

IMD5a
4
-0.7476 1.0275
1.6925 1.0275
1.6925 1.0485
-0.7476 1.0485
5.2

IMD5b
4
-0.7476 1.0485
1.6925 1.0485
1.6925 1.0635
-0.7476 1.0635
4.2

IMD5c
4
-0.7476 1.0635
1.6925 1.0635
1.6925 1.0875
-0.7476 1.0875
3.28

IMD5d1+IMD5d2
4
-0.7476 1.0875
1.6925 1.0875
1.6925 1.2145
-0.7476 1.2145
2.65

IMD6a
4
-0.7476 1.2145
1.6925 1.2145
1.6925 1.2355
-0.7476 1.2355
5.2

IMD6b
4
-0.7476 1.2355
1.6925 1.2355
1.6925 1.2505
-0.7476 1.2505
4.2

IMD6c
4
-0.7476 1.2505
1.6925 1.2505
1.6925 1.2745
-0.7476 1.2745
3.28

IMD6d1+IMD6d2
4
-0.7476 1.2745
1.6925 1.2745
1.6925 1.4015
-0.7476 1.4015
2.65

IMD7a
4
-0.7476 1.4015
1.6925 1.4015
1.6925 1.4765
-0.7476 1.4765
5.2

IMD7b1+IMD7b2
4
-0.7476 1.4765
1.6925 1.4765
1.6925 2.9765
-0.7476 2.9765
4.2

IMD8a
4
-0.7476 2.9765
1.6925 2.9765
1.6925 3.0515
-0.7476 3.0515
5.2

IMD8b1+IMD8b2
4
-0.7476 3.0515
1.6925 3.0515
1.6925 4.5515
-0.7476 4.5515
4.2

PASS1
4
-0.7476 4.5515
1.6925 4.5515
1.6925 4.6265
-0.7476 4.6265
7

PASS2
4
-0.7476 4.6265
1.6925 4.6265
1.6925 5.0265
-0.7476 5.0265
4.2

PASS3
4
-0.7476 5.0265
1.6925 5.0265
1.6925 5.1015
-0.7476 5.1015
7

PASS4+PASS5
4
-0.7476 5.1015
1.6925 5.1015
1.6925 6.0515
-0.7476 6.0515
4.2

PASS6
4
-0.7476 6.0515
1.6925 6.0515
1.6925 6.6515
-0.7476 6.6515
7

air_Layer
4
-0.7476 6.6515
1.6925 6.6515
1.6925 7.0565
-0.7476 7.0565
1


4
-0.7476 0.001
1.6925 0.001
1.6925 7.0565
-0.7476 7.0565

