c1
4
-0.44701 0.7415
0.44701 0.7415
0.45299 0.8405
-0.45299 0.8405

5
botleft
4
-1.895 -0.001
0 -0.001
0 0.001
-1.895 0.001

botright
4
0 -0.001
1.265 -0.001
1.265 0.001
0 0.001

lEnv
4
-1.39201 0.7415
-0.49799 0.7415
-0.49201 0.8405
-1.39799 0.8405

c2
4
0.63299 0.7415
0.67201 0.7415
0.67799 0.8405
0.62701 0.8405

rEnv
4
0.72299 0.7415
0.76201 0.7415
0.76799 0.8405
0.71701 0.8405


57
FOXA+FOXB+TOX
5
-1.895 0.001
0 0.001
1.265 0.001
1.265 0.2665
-1.895 0.2665
4

ILD1a
4
-1.895 0.2665
1.265 0.2665
1.265 0.2765
-1.895 0.2765
7

ILD1b1+ILD1b2+ILD1b3
4
-1.895 0.2765
1.265 0.2765
1.265 0.3955
-1.895 0.3955
4

IMD1a
4
-1.895 0.3955
1.265 0.3955
1.265 0.4065
-1.895 0.4065
5.2

IMD1b
4
-1.895 0.4065
1.265 0.4065
1.265 0.4665
-1.895 0.4665
2.8

IMD2a
4
-1.895 0.4665
1.265 0.4665
1.265 0.4875
-1.895 0.4875
5.2

IMD2b
4
-1.895 0.4875
1.265 0.4875
1.265 0.5025
-1.895 0.5025
4.2

IMD2c
4
-1.895 0.5025
1.265 0.5025
1.265 0.5265
-1.895 0.5265
3.28

IMD2d1+IMD2d2
4
-1.895 0.5265
1.265 0.5265
1.265 0.6535
-1.895 0.6535
2.65

IMD3a
4
-1.895 0.6535
1.265 0.6535
1.265 0.6745
-1.895 0.6745
5.2

IMD3b
4
-1.895 0.6745
1.265 0.6745
1.265 0.6895
-1.895 0.6895
4.2

IMD3c
4
-1.895 0.6895
1.265 0.6895
1.265 0.7135
-1.895 0.7135
3.28

IMD3d1
12
-1.895 0.7135
1.265 0.7135
1.265 0.7315
0.771424 0.7315
0.713576 0.7315
0.681424 0.7315
0.623576 0.7315
0.456424 0.7315
-0.456424 0.7315
-0.488576 0.7315
-1.401424 0.7315
-1.895 0.7315
2.65

IMD3d1
4
-1.895 0.7315
-1.401424 0.7315
-1.402028 0.7415
-1.895 0.7415
2.65

IMD3d1_damage
8
-1.401424 0.7315
-0.488576 0.7315
-0.487972 0.7415
-0.492981 0.7415
-0.49799 0.7415
-1.39201 0.7415
-1.397019 0.7415
-1.402028 0.7415
3.1

IMD3d1
4
-0.488576 0.7315
-0.456424 0.7315
-0.457028 0.7415
-0.487972 0.7415
2.65

IMD3d1_damage
8
-0.456424 0.7315
0.456424 0.7315
0.457028 0.7415
0.452019 0.7415
0.44701 0.7415
-0.44701 0.7415
-0.452019 0.7415
-0.457028 0.7415
3.1

IMD3d1
4
0.456424 0.7315
0.623576 0.7315
0.622972 0.7415
0.457028 0.7415
2.65

IMD3d1_damage
8
0.623576 0.7315
0.681424 0.7315
0.682028 0.7415
0.677019 0.7415
0.67201 0.7415
0.63299 0.7415
0.627981 0.7415
0.622972 0.7415
3.1

IMD3d1
4
0.681424 0.7315
0.713576 0.7315
0.712972 0.7415
0.682028 0.7415
2.65

IMD3d1_damage
8
0.713576 0.7315
0.771424 0.7315
0.772028 0.7415
0.767019 0.7415
0.76201 0.7415
0.72299 0.7415
0.717981 0.7415
0.712972 0.7415
3.1

IMD3d1
4
0.771424 0.7315
1.265 0.7315
1.265 0.7415
0.772028 0.7415
2.65

IMD3d2
5
-1.895 0.7415
-1.402028 0.7415
-1.397019 0.7415
-1.402999 0.8405
-1.895 0.8405
2.65

IMD3d2_damage
4
-1.397019 0.7415
-1.39201 0.7415
-1.39799 0.8405
-1.402999 0.8405
2.9

IMD3d2_damage
4
-0.49799 0.7415
-0.492981 0.7415
-0.487001 0.8405
-0.49201 0.8405
2.9

IMD3d2
6
-0.492981 0.7415
-0.487972 0.7415
-0.457028 0.7415
-0.452019 0.7415
-0.457999 0.8405
-0.487001 0.8405
2.65

IMD3d2_damage
4
-0.452019 0.7415
-0.44701 0.7415
-0.45299 0.8405
-0.457999 0.8405
2.9

IMD3d2_damage
4
0.44701 0.7415
0.452019 0.7415
0.457999 0.8405
0.45299 0.8405
2.9

IMD3d2
6
0.452019 0.7415
0.457028 0.7415
0.622972 0.7415
0.627981 0.7415
0.622001 0.8405
0.457999 0.8405
2.65

IMD3d2_damage
4
0.627981 0.7415
0.63299 0.7415
0.62701 0.8405
0.622001 0.8405
2.9

IMD3d2_damage
4
0.67201 0.7415
0.677019 0.7415
0.682999 0.8405
0.67799 0.8405
2.9

IMD3d2
6
0.677019 0.7415
0.682028 0.7415
0.712972 0.7415
0.717981 0.7415
0.712001 0.8405
0.682999 0.8405
2.65

IMD3d2_damage
4
0.717981 0.7415
0.72299 0.7415
0.71701 0.8405
0.712001 0.8405
2.9

IMD3d2_damage
4
0.76201 0.7415
0.767019 0.7415
0.772999 0.8405
0.76799 0.8405
2.9

IMD3d2
5
0.767019 0.7415
0.772028 0.7415
1.265 0.7415
1.265 0.8405
0.772999 0.8405
2.65

IMD4a
20
-1.895 0.8405
-1.402999 0.8405
-1.39799 0.8405
-0.49201 0.8405
-0.487001 0.8405
-0.457999 0.8405
-0.45299 0.8405
0.45299 0.8405
0.457999 0.8405
0.622001 0.8405
0.62701 0.8405
0.67799 0.8405
0.682999 0.8405
0.712001 0.8405
0.71701 0.8405
0.76799 0.8405
0.772999 0.8405
1.265 0.8405
1.265 0.8615
-1.895 0.8615
5.2

IMD4b
4
-1.895 0.8615
1.265 0.8615
1.265 0.8765
-1.895 0.8765
4.2

IMD4c
4
-1.895 0.8765
1.265 0.8765
1.265 0.9005
-1.895 0.9005
3.28

IMD4d1+IMD4d2
4
-1.895 0.9005
1.265 0.9005
1.265 1.0275
-1.895 1.0275
2.65

IMD5a
4
-1.895 1.0275
1.265 1.0275
1.265 1.0485
-1.895 1.0485
5.2

IMD5b
4
-1.895 1.0485
1.265 1.0485
1.265 1.0635
-1.895 1.0635
4.2

IMD5c
4
-1.895 1.0635
1.265 1.0635
1.265 1.0875
-1.895 1.0875
3.28

IMD5d1+IMD5d2
4
-1.895 1.0875
1.265 1.0875
1.265 1.2145
-1.895 1.2145
2.65

IMD6a
4
-1.895 1.2145
1.265 1.2145
1.265 1.2355
-1.895 1.2355
5.2

IMD6b
4
-1.895 1.2355
1.265 1.2355
1.265 1.2505
-1.895 1.2505
4.2

IMD6c
4
-1.895 1.2505
1.265 1.2505
1.265 1.2745
-1.895 1.2745
3.28

IMD6d1+IMD6d2
4
-1.895 1.2745
1.265 1.2745
1.265 1.4015
-1.895 1.4015
2.65

IMD7a
4
-1.895 1.4015
1.265 1.4015
1.265 1.4765
-1.895 1.4765
5.2

IMD7b1+IMD7b2
4
-1.895 1.4765
1.265 1.4765
1.265 2.9765
-1.895 2.9765
4.2

IMD8a
4
-1.895 2.9765
1.265 2.9765
1.265 3.0515
-1.895 3.0515
5.2

IMD8b1+IMD8b2
4
-1.895 3.0515
1.265 3.0515
1.265 4.5515
-1.895 4.5515
4.2

PASS1
4
-1.895 4.5515
1.265 4.5515
1.265 4.6265
-1.895 4.6265
7

PASS2
4
-1.895 4.6265
1.265 4.6265
1.265 5.0265
-1.895 5.0265
4.2

PASS3
4
-1.895 5.0265
1.265 5.0265
1.265 5.1015
-1.895 5.1015
7

PASS4+PASS5
4
-1.895 5.1015
1.265 5.1015
1.265 6.0515
-1.895 6.0515
4.2

PASS6
4
-1.895 6.0515
1.265 6.0515
1.265 6.6515
-1.895 6.6515
7

air_Layer
4
-1.895 6.6515
1.265 6.6515
1.265 9.3515
-1.895 9.3515
1


4
-1.895 0.001
1.265 0.001
1.265 9.3515
-1.895 9.3515

