c1
4
-0.44701 0.7415
0.44701 0.7415
0.45299 0.8405
-0.45299 0.8405

5
botleft
4
-1.895 -0.001
0 -0.001
0 0.001
-1.895 0.001

botright
4
0 -0.001
3.425 -0.001
3.425 0.001
0 0.001

lEnv
4
-1.39201 0.7415
-0.49799 0.7415
-0.49201 0.8405
-1.39799 0.8405

c2
4
1.08299 0.7415
1.97701 0.7415
1.98299 0.8405
1.07701 0.8405

rEnv
4
2.02799 0.7415
2.92201 0.7415
2.92799 0.8405
2.02201 0.8405


57
FOXA+FOXB+TOX
5
-1.895 0.001
0 0.001
3.425 0.001
3.425 0.2665
-1.895 0.2665
4

ILD1a
4
-1.895 0.2665
3.425 0.2665
3.425 0.2765
-1.895 0.2765
7

ILD1b1+ILD1b2+ILD1b3
4
-1.895 0.2765
3.425 0.2765
3.425 0.3955
-1.895 0.3955
4

IMD1a
4
-1.895 0.3955
3.425 0.3955
3.425 0.4065
-1.895 0.4065
5.2

IMD1b
4
-1.895 0.4065
3.425 0.4065
3.425 0.4665
-1.895 0.4665
2.8

IMD2a
4
-1.895 0.4665
3.425 0.4665
3.425 0.4875
-1.895 0.4875
5.2

IMD2b
4
-1.895 0.4875
3.425 0.4875
3.425 0.5025
-1.895 0.5025
4.2

IMD2c
4
-1.895 0.5025
3.425 0.5025
3.425 0.5265
-1.895 0.5265
3.28

IMD2d1+IMD2d2
4
-1.895 0.5265
3.425 0.5265
3.425 0.6535
-1.895 0.6535
2.65

IMD3a
4
-1.895 0.6535
3.425 0.6535
3.425 0.6745
-1.895 0.6745
5.2

IMD3b
4
-1.895 0.6745
3.425 0.6745
3.425 0.6895
-1.895 0.6895
4.2

IMD3c
4
-1.895 0.6895
3.425 0.6895
3.425 0.7135
-1.895 0.7135
3.28

IMD3d1
12
-1.895 0.7135
3.425 0.7135
3.425 0.7315
2.931424 0.7315
2.018576 0.7315
1.986424 0.7315
1.073576 0.7315
0.456424 0.7315
-0.456424 0.7315
-0.488576 0.7315
-1.401424 0.7315
-1.895 0.7315
2.65

IMD3d1
4
-1.895 0.7315
-1.401424 0.7315
-1.402028 0.7415
-1.895 0.7415
2.65

IMD3d1_damage
8
-1.401424 0.7315
-0.488576 0.7315
-0.487972 0.7415
-0.492981 0.7415
-0.49799 0.7415
-1.39201 0.7415
-1.397019 0.7415
-1.402028 0.7415
3.1

IMD3d1
4
-0.488576 0.7315
-0.456424 0.7315
-0.457028 0.7415
-0.487972 0.7415
2.65

IMD3d1_damage
8
-0.456424 0.7315
0.456424 0.7315
0.457028 0.7415
0.452019 0.7415
0.44701 0.7415
-0.44701 0.7415
-0.452019 0.7415
-0.457028 0.7415
3.1

IMD3d1
4
0.456424 0.7315
1.073576 0.7315
1.072972 0.7415
0.457028 0.7415
2.65

IMD3d1_damage
8
1.073576 0.7315
1.986424 0.7315
1.987028 0.7415
1.982019 0.7415
1.97701 0.7415
1.08299 0.7415
1.077981 0.7415
1.072972 0.7415
3.1

IMD3d1
4
1.986424 0.7315
2.018576 0.7315
2.017972 0.7415
1.987028 0.7415
2.65

IMD3d1_damage
8
2.018576 0.7315
2.931424 0.7315
2.932028 0.7415
2.927019 0.7415
2.92201 0.7415
2.02799 0.7415
2.022981 0.7415
2.017972 0.7415
3.1

IMD3d1
4
2.931424 0.7315
3.425 0.7315
3.425 0.7415
2.932028 0.7415
2.65

IMD3d2
5
-1.895 0.7415
-1.402028 0.7415
-1.397019 0.7415
-1.402999 0.8405
-1.895 0.8405
2.65

IMD3d2_damage
4
-1.397019 0.7415
-1.39201 0.7415
-1.39799 0.8405
-1.402999 0.8405
2.9

IMD3d2_damage
4
-0.49799 0.7415
-0.492981 0.7415
-0.487001 0.8405
-0.49201 0.8405
2.9

IMD3d2
6
-0.492981 0.7415
-0.487972 0.7415
-0.457028 0.7415
-0.452019 0.7415
-0.457999 0.8405
-0.487001 0.8405
2.65

IMD3d2_damage
4
-0.452019 0.7415
-0.44701 0.7415
-0.45299 0.8405
-0.457999 0.8405
2.9

IMD3d2_damage
4
0.44701 0.7415
0.452019 0.7415
0.457999 0.8405
0.45299 0.8405
2.9

IMD3d2
6
0.452019 0.7415
0.457028 0.7415
1.072972 0.7415
1.077981 0.7415
1.072001 0.8405
0.457999 0.8405
2.65

IMD3d2_damage
4
1.077981 0.7415
1.08299 0.7415
1.07701 0.8405
1.072001 0.8405
2.9

IMD3d2_damage
4
1.97701 0.7415
1.982019 0.7415
1.987999 0.8405
1.98299 0.8405
2.9

IMD3d2
6
1.982019 0.7415
1.987028 0.7415
2.017972 0.7415
2.022981 0.7415
2.017001 0.8405
1.987999 0.8405
2.65

IMD3d2_damage
4
2.022981 0.7415
2.02799 0.7415
2.02201 0.8405
2.017001 0.8405
2.9

IMD3d2_damage
4
2.92201 0.7415
2.927019 0.7415
2.932999 0.8405
2.92799 0.8405
2.9

IMD3d2
5
2.927019 0.7415
2.932028 0.7415
3.425 0.7415
3.425 0.8405
2.932999 0.8405
2.65

IMD4a
20
-1.895 0.8405
-1.402999 0.8405
-1.39799 0.8405
-0.49201 0.8405
-0.487001 0.8405
-0.457999 0.8405
-0.45299 0.8405
0.45299 0.8405
0.457999 0.8405
1.072001 0.8405
1.07701 0.8405
1.98299 0.8405
1.987999 0.8405
2.017001 0.8405
2.02201 0.8405
2.92799 0.8405
2.932999 0.8405
3.425 0.8405
3.425 0.8615
-1.895 0.8615
5.2

IMD4b
4
-1.895 0.8615
3.425 0.8615
3.425 0.8765
-1.895 0.8765
4.2

IMD4c
4
-1.895 0.8765
3.425 0.8765
3.425 0.9005
-1.895 0.9005
3.28

IMD4d1+IMD4d2
4
-1.895 0.9005
3.425 0.9005
3.425 1.0275
-1.895 1.0275
2.65

IMD5a
4
-1.895 1.0275
3.425 1.0275
3.425 1.0485
-1.895 1.0485
5.2

IMD5b
4
-1.895 1.0485
3.425 1.0485
3.425 1.0635
-1.895 1.0635
4.2

IMD5c
4
-1.895 1.0635
3.425 1.0635
3.425 1.0875
-1.895 1.0875
3.28

IMD5d1+IMD5d2
4
-1.895 1.0875
3.425 1.0875
3.425 1.2145
-1.895 1.2145
2.65

IMD6a
4
-1.895 1.2145
3.425 1.2145
3.425 1.2355
-1.895 1.2355
5.2

IMD6b
4
-1.895 1.2355
3.425 1.2355
3.425 1.2505
-1.895 1.2505
4.2

IMD6c
4
-1.895 1.2505
3.425 1.2505
3.425 1.2745
-1.895 1.2745
3.28

IMD6d1+IMD6d2
4
-1.895 1.2745
3.425 1.2745
3.425 1.4015
-1.895 1.4015
2.65

IMD7a
4
-1.895 1.4015
3.425 1.4015
3.425 1.4765
-1.895 1.4765
5.2

IMD7b1+IMD7b2
4
-1.895 1.4765
3.425 1.4765
3.425 2.9765
-1.895 2.9765
4.2

IMD8a
4
-1.895 2.9765
3.425 2.9765
3.425 3.0515
-1.895 3.0515
5.2

IMD8b1+IMD8b2
4
-1.895 3.0515
3.425 3.0515
3.425 4.5515
-1.895 4.5515
4.2

PASS1
4
-1.895 4.5515
3.425 4.5515
3.425 4.6265
-1.895 4.6265
7

PASS2
4
-1.895 4.6265
3.425 4.6265
3.425 5.0265
-1.895 5.0265
4.2

PASS3
4
-1.895 5.0265
3.425 5.0265
3.425 5.1015
-1.895 5.1015
7

PASS4+PASS5
4
-1.895 5.1015
3.425 5.1015
3.425 6.0515
-1.895 6.0515
4.2

PASS6
4
-1.895 6.0515
3.425 6.0515
3.425 6.6515
-1.895 6.6515
7

air_Layer
4
-1.895 6.6515
3.425 6.6515
3.425 9.3515
-1.895 9.3515
1


4
-1.895 0.001
3.425 0.001
3.425 9.3515
-1.895 9.3515

