c1
4
-0.06451 0.7415
0.06451 0.7415
0.07049 0.8405
-0.07049 0.8405

5
botleft
4
-1.0175 -0.001
0 -0.001
0 0.001
-1.0175 0.001

botright
4
0 -0.001
1.4225 -0.001
1.4225 0.001
0 0.001

lEnv
4
-0.51451 0.7415
-0.38549 0.7415
-0.37951 0.8405
-0.52049 0.8405

c2
4
0.52049 0.7415
0.55951 0.7415
0.56549 0.8405
0.51451 0.8405

rEnv
4
0.88049 0.7415
0.91951 0.7415
0.92549 0.8405
0.87451 0.8405


57
FOXA+FOXB+TOX
5
-1.0175 0.001
0 0.001
1.4225 0.001
1.4225 0.2665
-1.0175 0.2665
4

ILD1a
4
-1.0175 0.2665
1.4225 0.2665
1.4225 0.2765
-1.0175 0.2765
7

ILD1b1+ILD1b2+ILD1b3
4
-1.0175 0.2765
1.4225 0.2765
1.4225 0.3955
-1.0175 0.3955
4

IMD1a
4
-1.0175 0.3955
1.4225 0.3955
1.4225 0.4065
-1.0175 0.4065
5.2

IMD1b
4
-1.0175 0.4065
1.4225 0.4065
1.4225 0.4665
-1.0175 0.4665
2.8

IMD2a
4
-1.0175 0.4665
1.4225 0.4665
1.4225 0.4875
-1.0175 0.4875
5.2

IMD2b
4
-1.0175 0.4875
1.4225 0.4875
1.4225 0.5025
-1.0175 0.5025
4.2

IMD2c
4
-1.0175 0.5025
1.4225 0.5025
1.4225 0.5265
-1.0175 0.5265
3.28

IMD2d1+IMD2d2
4
-1.0175 0.5265
1.4225 0.5265
1.4225 0.6535
-1.0175 0.6535
2.65

IMD3a
4
-1.0175 0.6535
1.4225 0.6535
1.4225 0.6745
-1.0175 0.6745
5.2

IMD3b
4
-1.0175 0.6745
1.4225 0.6745
1.4225 0.6895
-1.0175 0.6895
4.2

IMD3c
4
-1.0175 0.6895
1.4225 0.6895
1.4225 0.7135
-1.0175 0.7135
3.28

IMD3d1
12
-1.0175 0.7135
1.4225 0.7135
1.4225 0.7315
0.928924 0.7315
0.871076 0.7315
0.568924 0.7315
0.511076 0.7315
0.073924 0.7315
-0.073924 0.7315
-0.376076 0.7315
-0.523924 0.7315
-1.0175 0.7315
2.65

IMD3d1
4
-1.0175 0.7315
-0.523924 0.7315
-0.524528 0.7415
-1.0175 0.7415
2.65

IMD3d1_damage
8
-0.523924 0.7315
-0.376076 0.7315
-0.375472 0.7415
-0.380481 0.7415
-0.38549 0.7415
-0.51451 0.7415
-0.519519 0.7415
-0.524528 0.7415
3.1

IMD3d1
4
-0.376076 0.7315
-0.073924 0.7315
-0.074528 0.7415
-0.375472 0.7415
2.65

IMD3d1_damage
8
-0.073924 0.7315
0.073924 0.7315
0.074528 0.7415
0.069519 0.7415
0.06451 0.7415
-0.06451 0.7415
-0.069519 0.7415
-0.074528 0.7415
3.1

IMD3d1
4
0.073924 0.7315
0.511076 0.7315
0.510472 0.7415
0.074528 0.7415
2.65

IMD3d1_damage
8
0.511076 0.7315
0.568924 0.7315
0.569528 0.7415
0.564519 0.7415
0.55951 0.7415
0.52049 0.7415
0.515481 0.7415
0.510472 0.7415
3.1

IMD3d1
4
0.568924 0.7315
0.871076 0.7315
0.870472 0.7415
0.569528 0.7415
2.65

IMD3d1_damage
8
0.871076 0.7315
0.928924 0.7315
0.929528 0.7415
0.924519 0.7415
0.91951 0.7415
0.88049 0.7415
0.875481 0.7415
0.870472 0.7415
3.1

IMD3d1
4
0.928924 0.7315
1.4225 0.7315
1.4225 0.7415
0.929528 0.7415
2.65

IMD3d2
5
-1.0175 0.7415
-0.524528 0.7415
-0.519519 0.7415
-0.525499 0.8405
-1.0175 0.8405
2.65

IMD3d2_damage
4
-0.519519 0.7415
-0.51451 0.7415
-0.52049 0.8405
-0.525499 0.8405
2.9

IMD3d2_damage
4
-0.38549 0.7415
-0.380481 0.7415
-0.374501 0.8405
-0.37951 0.8405
2.9

IMD3d2
6
-0.380481 0.7415
-0.375472 0.7415
-0.074528 0.7415
-0.069519 0.7415
-0.075499 0.8405
-0.374501 0.8405
2.65

IMD3d2_damage
4
-0.069519 0.7415
-0.06451 0.7415
-0.07049 0.8405
-0.075499 0.8405
2.9

IMD3d2_damage
4
0.06451 0.7415
0.069519 0.7415
0.075499 0.8405
0.07049 0.8405
2.9

IMD3d2
6
0.069519 0.7415
0.074528 0.7415
0.510472 0.7415
0.515481 0.7415
0.509501 0.8405
0.075499 0.8405
2.65

IMD3d2_damage
4
0.515481 0.7415
0.52049 0.7415
0.51451 0.8405
0.509501 0.8405
2.9

IMD3d2_damage
4
0.55951 0.7415
0.564519 0.7415
0.570499 0.8405
0.56549 0.8405
2.9

IMD3d2
6
0.564519 0.7415
0.569528 0.7415
0.870472 0.7415
0.875481 0.7415
0.869501 0.8405
0.570499 0.8405
2.65

IMD3d2_damage
4
0.875481 0.7415
0.88049 0.7415
0.87451 0.8405
0.869501 0.8405
2.9

IMD3d2_damage
4
0.91951 0.7415
0.924519 0.7415
0.930499 0.8405
0.92549 0.8405
2.9

IMD3d2
5
0.924519 0.7415
0.929528 0.7415
1.4225 0.7415
1.4225 0.8405
0.930499 0.8405
2.65

IMD4a
20
-1.0175 0.8405
-0.525499 0.8405
-0.52049 0.8405
-0.37951 0.8405
-0.374501 0.8405
-0.075499 0.8405
-0.07049 0.8405
0.07049 0.8405
0.075499 0.8405
0.509501 0.8405
0.51451 0.8405
0.56549 0.8405
0.570499 0.8405
0.869501 0.8405
0.87451 0.8405
0.92549 0.8405
0.930499 0.8405
1.4225 0.8405
1.4225 0.8615
-1.0175 0.8615
5.2

IMD4b
4
-1.0175 0.8615
1.4225 0.8615
1.4225 0.8765
-1.0175 0.8765
4.2

IMD4c
4
-1.0175 0.8765
1.4225 0.8765
1.4225 0.9005
-1.0175 0.9005
3.28

IMD4d1+IMD4d2
4
-1.0175 0.9005
1.4225 0.9005
1.4225 1.0275
-1.0175 1.0275
2.65

IMD5a
4
-1.0175 1.0275
1.4225 1.0275
1.4225 1.0485
-1.0175 1.0485
5.2

IMD5b
4
-1.0175 1.0485
1.4225 1.0485
1.4225 1.0635
-1.0175 1.0635
4.2

IMD5c
4
-1.0175 1.0635
1.4225 1.0635
1.4225 1.0875
-1.0175 1.0875
3.28

IMD5d1+IMD5d2
4
-1.0175 1.0875
1.4225 1.0875
1.4225 1.2145
-1.0175 1.2145
2.65

IMD6a
4
-1.0175 1.2145
1.4225 1.2145
1.4225 1.2355
-1.0175 1.2355
5.2

IMD6b
4
-1.0175 1.2355
1.4225 1.2355
1.4225 1.2505
-1.0175 1.2505
4.2

IMD6c
4
-1.0175 1.2505
1.4225 1.2505
1.4225 1.2745
-1.0175 1.2745
3.28

IMD6d1+IMD6d2
4
-1.0175 1.2745
1.4225 1.2745
1.4225 1.4015
-1.0175 1.4015
2.65

IMD7a
4
-1.0175 1.4015
1.4225 1.4015
1.4225 1.4765
-1.0175 1.4765
5.2

IMD7b1+IMD7b2
4
-1.0175 1.4765
1.4225 1.4765
1.4225 2.9765
-1.0175 2.9765
4.2

IMD8a
4
-1.0175 2.9765
1.4225 2.9765
1.4225 3.0515
-1.0175 3.0515
5.2

IMD8b1+IMD8b2
4
-1.0175 3.0515
1.4225 3.0515
1.4225 4.5515
-1.0175 4.5515
4.2

PASS1
4
-1.0175 4.5515
1.4225 4.5515
1.4225 4.6265
-1.0175 4.6265
7

PASS2
4
-1.0175 4.6265
1.4225 4.6265
1.4225 5.0265
-1.0175 5.0265
4.2

PASS3
4
-1.0175 5.0265
1.4225 5.0265
1.4225 5.1015
-1.0175 5.1015
7

PASS4+PASS5
4
-1.0175 5.1015
1.4225 5.1015
1.4225 6.0515
-1.0175 6.0515
4.2

PASS6
4
-1.0175 6.0515
1.4225 6.0515
1.4225 6.6515
-1.0175 6.6515
7

air_Layer
4
-1.0175 6.6515
1.4225 6.6515
1.4225 7.0565
-1.0175 7.0565
1


4
-1.0175 0.001
1.4225 0.001
1.4225 7.0565
-1.0175 7.0565

