c1
4
-0.06451 0.7415
0.06451 0.7415
0.07049 0.8405
-0.07049 0.8405

5
botleft
4
-1.0175 -0.001
0 -0.001
0 0.001
-1.0175 0.001

botright
4
0 -0.001
2.723 -0.001
2.723 0.001
0 0.001

lEnv
4
-0.51451 0.7415
-0.38549 0.7415
-0.37951 0.8405
-0.52049 0.8405

c2
4
0.11099 0.7415
1.00501 0.7415
1.01099 0.8405
0.10501 0.8405

rEnv
4
1.32599 0.7415
2.22001 0.7415
2.22599 0.8405
1.32001 0.8405


57
FOXA+FOXB+TOX
5
-1.0175 0.001
0 0.001
2.723 0.001
2.723 0.2665
-1.0175 0.2665
4

ILD1a
4
-1.0175 0.2665
2.723 0.2665
2.723 0.2765
-1.0175 0.2765
7

ILD1b1+ILD1b2+ILD1b3
4
-1.0175 0.2765
2.723 0.2765
2.723 0.3955
-1.0175 0.3955
4

IMD1a
4
-1.0175 0.3955
2.723 0.3955
2.723 0.4065
-1.0175 0.4065
5.2

IMD1b
4
-1.0175 0.4065
2.723 0.4065
2.723 0.4665
-1.0175 0.4665
2.8

IMD2a
4
-1.0175 0.4665
2.723 0.4665
2.723 0.4875
-1.0175 0.4875
5.2

IMD2b
4
-1.0175 0.4875
2.723 0.4875
2.723 0.5025
-1.0175 0.5025
4.2

IMD2c
4
-1.0175 0.5025
2.723 0.5025
2.723 0.5265
-1.0175 0.5265
3.28

IMD2d1+IMD2d2
4
-1.0175 0.5265
2.723 0.5265
2.723 0.6535
-1.0175 0.6535
2.65

IMD3a
4
-1.0175 0.6535
2.723 0.6535
2.723 0.6745
-1.0175 0.6745
5.2

IMD3b
4
-1.0175 0.6745
2.723 0.6745
2.723 0.6895
-1.0175 0.6895
4.2

IMD3c
4
-1.0175 0.6895
2.723 0.6895
2.723 0.7135
-1.0175 0.7135
3.28

IMD3d1
12
-1.0175 0.7135
2.723 0.7135
2.723 0.7315
2.229424 0.7315
1.316576 0.7315
1.014424 0.7315
0.101576 0.7315
0.073924 0.7315
-0.073924 0.7315
-0.376076 0.7315
-0.523924 0.7315
-1.0175 0.7315
2.65

IMD3d1
4
-1.0175 0.7315
-0.523924 0.7315
-0.524528 0.7415
-1.0175 0.7415
2.65

IMD3d1_damage
8
-0.523924 0.7315
-0.376076 0.7315
-0.375472 0.7415
-0.380481 0.7415
-0.38549 0.7415
-0.51451 0.7415
-0.519519 0.7415
-0.524528 0.7415
3.1

IMD3d1
4
-0.376076 0.7315
-0.073924 0.7315
-0.074528 0.7415
-0.375472 0.7415
2.65

IMD3d1_damage
8
-0.073924 0.7315
0.073924 0.7315
0.074528 0.7415
0.069519 0.7415
0.06451 0.7415
-0.06451 0.7415
-0.069519 0.7415
-0.074528 0.7415
3.1

IMD3d1
4
0.073924 0.7315
0.101576 0.7315
0.100972 0.7415
0.074528 0.7415
2.65

IMD3d1_damage
8
0.101576 0.7315
1.014424 0.7315
1.015028 0.7415
1.010019 0.7415
1.00501 0.7415
0.11099 0.7415
0.105981 0.7415
0.100972 0.7415
3.1

IMD3d1
4
1.014424 0.7315
1.316576 0.7315
1.315972 0.7415
1.015028 0.7415
2.65

IMD3d1_damage
8
1.316576 0.7315
2.229424 0.7315
2.230028 0.7415
2.225019 0.7415
2.22001 0.7415
1.32599 0.7415
1.320981 0.7415
1.315972 0.7415
3.1

IMD3d1
4
2.229424 0.7315
2.723 0.7315
2.723 0.7415
2.230028 0.7415
2.65

IMD3d2
5
-1.0175 0.7415
-0.524528 0.7415
-0.519519 0.7415
-0.525499 0.8405
-1.0175 0.8405
2.65

IMD3d2_damage
4
-0.519519 0.7415
-0.51451 0.7415
-0.52049 0.8405
-0.525499 0.8405
2.9

IMD3d2_damage
4
-0.38549 0.7415
-0.380481 0.7415
-0.374501 0.8405
-0.37951 0.8405
2.9

IMD3d2
6
-0.380481 0.7415
-0.375472 0.7415
-0.074528 0.7415
-0.069519 0.7415
-0.075499 0.8405
-0.374501 0.8405
2.65

IMD3d2_damage
4
-0.069519 0.7415
-0.06451 0.7415
-0.07049 0.8405
-0.075499 0.8405
2.9

IMD3d2_damage
4
0.06451 0.7415
0.069519 0.7415
0.075499 0.8405
0.07049 0.8405
2.9

IMD3d2
6
0.069519 0.7415
0.074528 0.7415
0.100972 0.7415
0.105981 0.7415
0.100001 0.8405
0.075499 0.8405
2.65

IMD3d2_damage
4
0.105981 0.7415
0.11099 0.7415
0.10501 0.8405
0.100001 0.8405
2.9

IMD3d2_damage
4
1.00501 0.7415
1.010019 0.7415
1.015999 0.8405
1.01099 0.8405
2.9

IMD3d2
6
1.010019 0.7415
1.015028 0.7415
1.315972 0.7415
1.320981 0.7415
1.315001 0.8405
1.015999 0.8405
2.65

IMD3d2_damage
4
1.320981 0.7415
1.32599 0.7415
1.32001 0.8405
1.315001 0.8405
2.9

IMD3d2_damage
4
2.22001 0.7415
2.225019 0.7415
2.230999 0.8405
2.22599 0.8405
2.9

IMD3d2
5
2.225019 0.7415
2.230028 0.7415
2.723 0.7415
2.723 0.8405
2.230999 0.8405
2.65

IMD4a
20
-1.0175 0.8405
-0.525499 0.8405
-0.52049 0.8405
-0.37951 0.8405
-0.374501 0.8405
-0.075499 0.8405
-0.07049 0.8405
0.07049 0.8405
0.075499 0.8405
0.100001 0.8405
0.10501 0.8405
1.01099 0.8405
1.015999 0.8405
1.315001 0.8405
1.32001 0.8405
2.22599 0.8405
2.230999 0.8405
2.723 0.8405
2.723 0.8615
-1.0175 0.8615
5.2

IMD4b
4
-1.0175 0.8615
2.723 0.8615
2.723 0.8765
-1.0175 0.8765
4.2

IMD4c
4
-1.0175 0.8765
2.723 0.8765
2.723 0.9005
-1.0175 0.9005
3.28

IMD4d1+IMD4d2
4
-1.0175 0.9005
2.723 0.9005
2.723 1.0275
-1.0175 1.0275
2.65

IMD5a
4
-1.0175 1.0275
2.723 1.0275
2.723 1.0485
-1.0175 1.0485
5.2

IMD5b
4
-1.0175 1.0485
2.723 1.0485
2.723 1.0635
-1.0175 1.0635
4.2

IMD5c
4
-1.0175 1.0635
2.723 1.0635
2.723 1.0875
-1.0175 1.0875
3.28

IMD5d1+IMD5d2
4
-1.0175 1.0875
2.723 1.0875
2.723 1.2145
-1.0175 1.2145
2.65

IMD6a
4
-1.0175 1.2145
2.723 1.2145
2.723 1.2355
-1.0175 1.2355
5.2

IMD6b
4
-1.0175 1.2355
2.723 1.2355
2.723 1.2505
-1.0175 1.2505
4.2

IMD6c
4
-1.0175 1.2505
2.723 1.2505
2.723 1.2745
-1.0175 1.2745
3.28

IMD6d1+IMD6d2
4
-1.0175 1.2745
2.723 1.2745
2.723 1.4015
-1.0175 1.4015
2.65

IMD7a
4
-1.0175 1.4015
2.723 1.4015
2.723 1.4765
-1.0175 1.4765
5.2

IMD7b1+IMD7b2
4
-1.0175 1.4765
2.723 1.4765
2.723 2.9765
-1.0175 2.9765
4.2

IMD8a
4
-1.0175 2.9765
2.723 2.9765
2.723 3.0515
-1.0175 3.0515
5.2

IMD8b1+IMD8b2
4
-1.0175 3.0515
2.723 3.0515
2.723 4.5515
-1.0175 4.5515
4.2

PASS1
4
-1.0175 4.5515
2.723 4.5515
2.723 4.6265
-1.0175 4.6265
7

PASS2
4
-1.0175 4.6265
2.723 4.6265
2.723 5.0265
-1.0175 5.0265
4.2

PASS3
4
-1.0175 5.0265
2.723 5.0265
2.723 5.1015
-1.0175 5.1015
7

PASS4+PASS5
4
-1.0175 5.1015
2.723 5.1015
2.723 6.0515
-1.0175 6.0515
4.2

PASS6
4
-1.0175 6.0515
2.723 6.0515
2.723 6.6515
-1.0175 6.6515
7

air_Layer
4
-1.0175 6.6515
2.723 6.6515
2.723 7.0565
-1.0175 7.0565
1


4
-1.0175 0.001
2.723 0.001
2.723 7.0565
-1.0175 7.0565

