c1
4
-0.01951 0.7415
0.01951 0.7415
0.02549 0.8405
-0.02549 0.8405

5
botleft
4
-0.6125 -0.001
0 -0.001
0 0.001
-0.6125 0.001

botright
4
0 -0.001
2.5025 -0.001
2.5025 0.001
0 0.001

lEnv
4
-0.10951 0.7415
-0.07049 0.7415
-0.06451 0.8405
-0.11549 0.8405

c2
4
0.16049 0.7415
1.05451 0.7415
1.06049 0.8405
0.15451 0.8405

rEnv
4
1.10549 0.7415
1.99951 0.7415
2.00549 0.8405
1.09951 0.8405


57
FOXA+FOXB+TOX
5
-0.6125 0.001
0 0.001
2.5025 0.001
2.5025 0.2665
-0.6125 0.2665
4

ILD1a
4
-0.6125 0.2665
2.5025 0.2665
2.5025 0.2765
-0.6125 0.2765
7

ILD1b1+ILD1b2+ILD1b3
4
-0.6125 0.2765
2.5025 0.2765
2.5025 0.3955
-0.6125 0.3955
4

IMD1a
4
-0.6125 0.3955
2.5025 0.3955
2.5025 0.4065
-0.6125 0.4065
5.2

IMD1b
4
-0.6125 0.4065
2.5025 0.4065
2.5025 0.4665
-0.6125 0.4665
2.8

IMD2a
4
-0.6125 0.4665
2.5025 0.4665
2.5025 0.4875
-0.6125 0.4875
5.2

IMD2b
4
-0.6125 0.4875
2.5025 0.4875
2.5025 0.5025
-0.6125 0.5025
4.2

IMD2c
4
-0.6125 0.5025
2.5025 0.5025
2.5025 0.5265
-0.6125 0.5265
3.28

IMD2d1+IMD2d2
4
-0.6125 0.5265
2.5025 0.5265
2.5025 0.6535
-0.6125 0.6535
2.65

IMD3a
4
-0.6125 0.6535
2.5025 0.6535
2.5025 0.6745
-0.6125 0.6745
5.2

IMD3b
4
-0.6125 0.6745
2.5025 0.6745
2.5025 0.6895
-0.6125 0.6895
4.2

IMD3c
4
-0.6125 0.6895
2.5025 0.6895
2.5025 0.7135
-0.6125 0.7135
3.28

IMD3d1
12
-0.6125 0.7135
2.5025 0.7135
2.5025 0.7315
2.008924 0.7315
1.096076 0.7315
1.063924 0.7315
0.151076 0.7315
0.028924 0.7315
-0.028924 0.7315
-0.061076 0.7315
-0.118924 0.7315
-0.6125 0.7315
2.65

IMD3d1
4
-0.6125 0.7315
-0.118924 0.7315
-0.119528 0.7415
-0.6125 0.7415
2.65

IMD3d1_damage
8
-0.118924 0.7315
-0.061076 0.7315
-0.060472 0.7415
-0.065481 0.7415
-0.07049 0.7415
-0.10951 0.7415
-0.114519 0.7415
-0.119528 0.7415
3.1

IMD3d1
4
-0.061076 0.7315
-0.028924 0.7315
-0.029528 0.7415
-0.060472 0.7415
2.65

IMD3d1_damage
8
-0.028924 0.7315
0.028924 0.7315
0.029528 0.7415
0.024519 0.7415
0.01951 0.7415
-0.01951 0.7415
-0.024519 0.7415
-0.029528 0.7415
3.1

IMD3d1
4
0.028924 0.7315
0.151076 0.7315
0.150472 0.7415
0.029528 0.7415
2.65

IMD3d1_damage
8
0.151076 0.7315
1.063924 0.7315
1.064528 0.7415
1.059519 0.7415
1.05451 0.7415
0.16049 0.7415
0.155481 0.7415
0.150472 0.7415
3.1

IMD3d1
4
1.063924 0.7315
1.096076 0.7315
1.095472 0.7415
1.064528 0.7415
2.65

IMD3d1_damage
8
1.096076 0.7315
2.008924 0.7315
2.009528 0.7415
2.004519 0.7415
1.99951 0.7415
1.10549 0.7415
1.100481 0.7415
1.095472 0.7415
3.1

IMD3d1
4
2.008924 0.7315
2.5025 0.7315
2.5025 0.7415
2.009528 0.7415
2.65

IMD3d2
5
-0.6125 0.7415
-0.119528 0.7415
-0.114519 0.7415
-0.120499 0.8405
-0.6125 0.8405
2.65

IMD3d2_damage
4
-0.114519 0.7415
-0.10951 0.7415
-0.11549 0.8405
-0.120499 0.8405
2.9

IMD3d2_damage
4
-0.07049 0.7415
-0.065481 0.7415
-0.059501 0.8405
-0.06451 0.8405
2.9

IMD3d2
6
-0.065481 0.7415
-0.060472 0.7415
-0.029528 0.7415
-0.024519 0.7415
-0.030499 0.8405
-0.059501 0.8405
2.65

IMD3d2_damage
4
-0.024519 0.7415
-0.01951 0.7415
-0.02549 0.8405
-0.030499 0.8405
2.9

IMD3d2_damage
4
0.01951 0.7415
0.024519 0.7415
0.030499 0.8405
0.02549 0.8405
2.9

IMD3d2
6
0.024519 0.7415
0.029528 0.7415
0.150472 0.7415
0.155481 0.7415
0.149501 0.8405
0.030499 0.8405
2.65

IMD3d2_damage
4
0.155481 0.7415
0.16049 0.7415
0.15451 0.8405
0.149501 0.8405
2.9

IMD3d2_damage
4
1.05451 0.7415
1.059519 0.7415
1.065499 0.8405
1.06049 0.8405
2.9

IMD3d2
6
1.059519 0.7415
1.064528 0.7415
1.095472 0.7415
1.100481 0.7415
1.094501 0.8405
1.065499 0.8405
2.65

IMD3d2_damage
4
1.100481 0.7415
1.10549 0.7415
1.09951 0.8405
1.094501 0.8405
2.9

IMD3d2_damage
4
1.99951 0.7415
2.004519 0.7415
2.010499 0.8405
2.00549 0.8405
2.9

IMD3d2
5
2.004519 0.7415
2.009528 0.7415
2.5025 0.7415
2.5025 0.8405
2.010499 0.8405
2.65

IMD4a
20
-0.6125 0.8405
-0.120499 0.8405
-0.11549 0.8405
-0.06451 0.8405
-0.059501 0.8405
-0.030499 0.8405
-0.02549 0.8405
0.02549 0.8405
0.030499 0.8405
0.149501 0.8405
0.15451 0.8405
1.06049 0.8405
1.065499 0.8405
1.094501 0.8405
1.09951 0.8405
2.00549 0.8405
2.010499 0.8405
2.5025 0.8405
2.5025 0.8615
-0.6125 0.8615
5.2

IMD4b
4
-0.6125 0.8615
2.5025 0.8615
2.5025 0.8765
-0.6125 0.8765
4.2

IMD4c
4
-0.6125 0.8765
2.5025 0.8765
2.5025 0.9005
-0.6125 0.9005
3.28

IMD4d1+IMD4d2
4
-0.6125 0.9005
2.5025 0.9005
2.5025 1.0275
-0.6125 1.0275
2.65

IMD5a
4
-0.6125 1.0275
2.5025 1.0275
2.5025 1.0485
-0.6125 1.0485
5.2

IMD5b
4
-0.6125 1.0485
2.5025 1.0485
2.5025 1.0635
-0.6125 1.0635
4.2

IMD5c
4
-0.6125 1.0635
2.5025 1.0635
2.5025 1.0875
-0.6125 1.0875
3.28

IMD5d1+IMD5d2
4
-0.6125 1.0875
2.5025 1.0875
2.5025 1.2145
-0.6125 1.2145
2.65

IMD6a
4
-0.6125 1.2145
2.5025 1.2145
2.5025 1.2355
-0.6125 1.2355
5.2

IMD6b
4
-0.6125 1.2355
2.5025 1.2355
2.5025 1.2505
-0.6125 1.2505
4.2

IMD6c
4
-0.6125 1.2505
2.5025 1.2505
2.5025 1.2745
-0.6125 1.2745
3.28

IMD6d1+IMD6d2
4
-0.6125 1.2745
2.5025 1.2745
2.5025 1.4015
-0.6125 1.4015
2.65

IMD7a
4
-0.6125 1.4015
2.5025 1.4015
2.5025 1.4765
-0.6125 1.4765
5.2

IMD7b1+IMD7b2
4
-0.6125 1.4765
2.5025 1.4765
2.5025 2.9765
-0.6125 2.9765
4.2

IMD8a
4
-0.6125 2.9765
2.5025 2.9765
2.5025 3.0515
-0.6125 3.0515
5.2

IMD8b1+IMD8b2
4
-0.6125 3.0515
2.5025 3.0515
2.5025 4.5515
-0.6125 4.5515
4.2

PASS1
4
-0.6125 4.5515
2.5025 4.5515
2.5025 4.6265
-0.6125 4.6265
7

PASS2
4
-0.6125 4.6265
2.5025 4.6265
2.5025 5.0265
-0.6125 5.0265
4.2

PASS3
4
-0.6125 5.0265
2.5025 5.0265
2.5025 5.1015
-0.6125 5.1015
7

PASS4+PASS5
4
-0.6125 5.1015
2.5025 5.1015
2.5025 6.0515
-0.6125 6.0515
4.2

PASS6
4
-0.6125 6.0515
2.5025 6.0515
2.5025 6.6515
-0.6125 6.6515
7

air_Layer
4
-0.6125 6.6515
2.5025 6.6515
2.5025 6.9485
-0.6125 6.9485
1


4
-0.6125 0.001
2.5025 0.001
2.5025 6.9485
-0.6125 6.9485

