c1
8
-0.01792 0.3705
0.01792 0.3705
0.020305 0.3955
0.021355 0.4065
0.02708 0.4665
-0.02708 0.4665
-0.021355 0.4065
-0.020305 0.3955

5
botleft
4
-0.8825 -0.001
0 -0.001
0 0.001
-0.8825 0.001

botright
4
0 -0.001
1.9175 -0.001
1.9175 0.001
0 0.001

lEnv
8
-0.37792 0.3705
-0.34208 0.3705
-0.339695 0.3955
-0.338645 0.4065
-0.33292 0.4665
-0.38708 0.4665
-0.381355 0.4065
-0.380305 0.3955

c2
8
0.83708 0.3705
0.96292 0.3705
0.965305 0.3955
0.966355 0.4065
0.97208 0.4665
0.82792 0.4665
0.833645 0.4065
0.834695 0.3955

rEnv
8
1.28708 0.3705
1.41292 0.3705
1.415305 0.3955
1.416355 0.4065
1.42208 0.4665
1.27792 0.4665
1.283645 0.4065
1.284695 0.3955


48
FOXA+FOXB+TOX
5
-0.8825 0.001
0 0.001
1.9175 0.001
1.9175 0.2665
-0.8825 0.2665
4

ILD1a
4
-0.8825 0.2665
1.9175 0.2665
1.9175 0.2765
-0.8825 0.2765
7

ILD1b1+ILD1b2
12
-0.8825 0.2765
1.9175 0.2765
1.9175 0.3705
1.41292 0.3705
1.28708 0.3705
0.96292 0.3705
0.83708 0.3705
0.01792 0.3705
-0.01792 0.3705
-0.34208 0.3705
-0.37792 0.3705
-0.8825 0.3705
4

ILD1b3
4
-0.8825 0.3705
-0.37792 0.3705
-0.380305 0.3955
-0.8825 0.3955
4

ILD1b3
4
-0.34208 0.3705
-0.01792 0.3705
-0.020305 0.3955
-0.339695 0.3955
4

ILD1b3
4
0.01792 0.3705
0.83708 0.3705
0.834695 0.3955
0.020305 0.3955
4

ILD1b3
4
0.96292 0.3705
1.28708 0.3705
1.284695 0.3955
0.965305 0.3955
4

ILD1b3
4
1.41292 0.3705
1.9175 0.3705
1.9175 0.3955
1.415305 0.3955
4

IMD1a
4
-0.8825 0.3955
-0.380305 0.3955
-0.381355 0.4065
-0.8825 0.4065
5.2

IMD1a
4
-0.339695 0.3955
-0.020305 0.3955
-0.021355 0.4065
-0.338645 0.4065
5.2

IMD1a
4
0.020305 0.3955
0.834695 0.3955
0.833645 0.4065
0.021355 0.4065
5.2

IMD1a
4
0.965305 0.3955
1.284695 0.3955
1.283645 0.4065
0.966355 0.4065
5.2

IMD1a
4
1.415305 0.3955
1.9175 0.3955
1.9175 0.4065
1.416355 0.4065
5.2

IMD1b
4
-0.8825 0.4065
-0.381355 0.4065
-0.38708 0.4665
-0.8825 0.4665
2.8

IMD1b
4
-0.338645 0.4065
-0.021355 0.4065
-0.02708 0.4665
-0.33292 0.4665
2.8

IMD1b
4
0.021355 0.4065
0.833645 0.4065
0.82792 0.4665
0.02708 0.4665
2.8

IMD1b
4
0.966355 0.4065
1.283645 0.4065
1.27792 0.4665
0.97208 0.4665
2.8

IMD1b
4
1.416355 0.4065
1.9175 0.4065
1.9175 0.4665
1.42208 0.4665
2.8

IMD2a
12
-0.8825 0.4665
-0.38708 0.4665
-0.33292 0.4665
-0.02708 0.4665
0.02708 0.4665
0.82792 0.4665
0.97208 0.4665
1.27792 0.4665
1.42208 0.4665
1.9175 0.4665
1.9175 0.4875
-0.8825 0.4875
5.2

IMD2b
4
-0.8825 0.4875
1.9175 0.4875
1.9175 0.5025
-0.8825 0.5025
4.2

IMD2c
4
-0.8825 0.5025
1.9175 0.5025
1.9175 0.5265
-0.8825 0.5265
3.28

IMD2d1+IMD2d2
4
-0.8825 0.5265
1.9175 0.5265
1.9175 0.6535
-0.8825 0.6535
2.65

IMD3a
4
-0.8825 0.6535
1.9175 0.6535
1.9175 0.6745
-0.8825 0.6745
5.2

IMD3b
4
-0.8825 0.6745
1.9175 0.6745
1.9175 0.6895
-0.8825 0.6895
4.2

IMD3c
4
-0.8825 0.6895
1.9175 0.6895
1.9175 0.7135
-0.8825 0.7135
3.28

IMD3d1+IMD3d2
4
-0.8825 0.7135
1.9175 0.7135
1.9175 0.8405
-0.8825 0.8405
2.65

IMD4a
4
-0.8825 0.8405
1.9175 0.8405
1.9175 0.8615
-0.8825 0.8615
5.2

IMD4b
4
-0.8825 0.8615
1.9175 0.8615
1.9175 0.8765
-0.8825 0.8765
4.2

IMD4c
4
-0.8825 0.8765
1.9175 0.8765
1.9175 0.9005
-0.8825 0.9005
3.28

IMD4d1+IMD4d2
4
-0.8825 0.9005
1.9175 0.9005
1.9175 1.0275
-0.8825 1.0275
2.65

IMD5a
4
-0.8825 1.0275
1.9175 1.0275
1.9175 1.0485
-0.8825 1.0485
5.2

IMD5b
4
-0.8825 1.0485
1.9175 1.0485
1.9175 1.0635
-0.8825 1.0635
4.2

IMD5c
4
-0.8825 1.0635
1.9175 1.0635
1.9175 1.0875
-0.8825 1.0875
3.28

IMD5d1+IMD5d2
4
-0.8825 1.0875
1.9175 1.0875
1.9175 1.2145
-0.8825 1.2145
2.65

IMD6a
4
-0.8825 1.2145
1.9175 1.2145
1.9175 1.2355
-0.8825 1.2355
5.2

IMD6b
4
-0.8825 1.2355
1.9175 1.2355
1.9175 1.2505
-0.8825 1.2505
4.2

IMD6c
4
-0.8825 1.2505
1.9175 1.2505
1.9175 1.2745
-0.8825 1.2745
3.28

IMD6d1+IMD6d2
4
-0.8825 1.2745
1.9175 1.2745
1.9175 1.4015
-0.8825 1.4015
2.65

IMD7a
4
-0.8825 1.4015
1.9175 1.4015
1.9175 1.4765
-0.8825 1.4765
5.2

IMD7b1+IMD7b2
4
-0.8825 1.4765
1.9175 1.4765
1.9175 2.9765
-0.8825 2.9765
4.2

IMD8a
4
-0.8825 2.9765
1.9175 2.9765
1.9175 3.0515
-0.8825 3.0515
5.2

IMD8b1+IMD8b2
4
-0.8825 3.0515
1.9175 3.0515
1.9175 4.5515
-0.8825 4.5515
4.2

PASS1
4
-0.8825 4.5515
1.9175 4.5515
1.9175 4.6265
-0.8825 4.6265
7

PASS2
4
-0.8825 4.6265
1.9175 4.6265
1.9175 5.0265
-0.8825 5.0265
4.2

PASS3
4
-0.8825 5.0265
1.9175 5.0265
1.9175 5.1015
-0.8825 5.1015
7

PASS4+PASS5
4
-0.8825 5.1015
1.9175 5.1015
1.9175 6.0515
-0.8825 6.0515
4.2

PASS6
4
-0.8825 6.0515
1.9175 6.0515
1.9175 6.6515
-0.8825 6.6515
7

air_Layer
4
-0.8825 6.6515
1.9175 6.6515
1.9175 6.9395
-0.8825 6.9395
1


4
-0.8825 0.001
1.9175 0.001
1.9175 6.9395
-0.8825 6.9395

