c1
8
-0.01792 0.3705
0.01792 0.3705
0.020305 0.3955
0.021355 0.4065
0.02708 0.4665
-0.02708 0.4665
-0.021355 0.4065
-0.020305 0.3955

3
botleft
4
-5.0675 -0.001
0 -0.001
0 0.001
-5.0675 0.001

botright
4
0 -0.001
7.2725 -0.001
7.2725 0.001
0 0.001

c2
8
0.47708 0.3705
1.36792 0.3705
1.370305 0.3955
1.371355 0.4065
1.37708 0.4665
0.46792 0.4665
0.473645 0.4065
0.474695 0.3955


42
FOXA+FOXB+TOX
5
-5.0675 0.001
0 0.001
7.2725 0.001
7.2725 0.2665
-5.0675 0.2665
4

ILD1a
4
-5.0675 0.2665
7.2725 0.2665
7.2725 0.2765
-5.0675 0.2765
7

ILD1b1+ILD1b2
8
-5.0675 0.2765
7.2725 0.2765
7.2725 0.3705
1.36792 0.3705
0.47708 0.3705
0.01792 0.3705
-0.01792 0.3705
-5.0675 0.3705
4

ILD1b3
4
-5.0675 0.3705
-0.01792 0.3705
-0.020305 0.3955
-5.0675 0.3955
4

ILD1b3
4
0.01792 0.3705
0.47708 0.3705
0.474695 0.3955
0.020305 0.3955
4

ILD1b3
4
1.36792 0.3705
7.2725 0.3705
7.2725 0.3955
1.370305 0.3955
4

IMD1a
4
-5.0675 0.3955
-0.020305 0.3955
-0.021355 0.4065
-5.0675 0.4065
5.2

IMD1a
4
0.020305 0.3955
0.474695 0.3955
0.473645 0.4065
0.021355 0.4065
5.2

IMD1a
4
1.370305 0.3955
7.2725 0.3955
7.2725 0.4065
1.371355 0.4065
5.2

IMD1b
4
-5.0675 0.4065
-0.021355 0.4065
-0.02708 0.4665
-5.0675 0.4665
2.8

IMD1b
4
0.021355 0.4065
0.473645 0.4065
0.46792 0.4665
0.02708 0.4665
2.8

IMD1b
4
1.371355 0.4065
7.2725 0.4065
7.2725 0.4665
1.37708 0.4665
2.8

IMD2a
8
-5.0675 0.4665
-0.02708 0.4665
0.02708 0.4665
0.46792 0.4665
1.37708 0.4665
7.2725 0.4665
7.2725 0.4875
-5.0675 0.4875
5.2

IMD2b
4
-5.0675 0.4875
7.2725 0.4875
7.2725 0.5025
-5.0675 0.5025
4.2

IMD2c
4
-5.0675 0.5025
7.2725 0.5025
7.2725 0.5265
-5.0675 0.5265
3.28

IMD2d1+IMD2d2
4
-5.0675 0.5265
7.2725 0.5265
7.2725 0.6535
-5.0675 0.6535
2.65

IMD3a
4
-5.0675 0.6535
7.2725 0.6535
7.2725 0.6745
-5.0675 0.6745
5.2

IMD3b
4
-5.0675 0.6745
7.2725 0.6745
7.2725 0.6895
-5.0675 0.6895
4.2

IMD3c
4
-5.0675 0.6895
7.2725 0.6895
7.2725 0.7135
-5.0675 0.7135
3.28

IMD3d1+IMD3d2
4
-5.0675 0.7135
7.2725 0.7135
7.2725 0.8405
-5.0675 0.8405
2.65

IMD4a
4
-5.0675 0.8405
7.2725 0.8405
7.2725 0.8615
-5.0675 0.8615
5.2

IMD4b
4
-5.0675 0.8615
7.2725 0.8615
7.2725 0.8765
-5.0675 0.8765
4.2

IMD4c
4
-5.0675 0.8765
7.2725 0.8765
7.2725 0.9005
-5.0675 0.9005
3.28

IMD4d1+IMD4d2
4
-5.0675 0.9005
7.2725 0.9005
7.2725 1.0275
-5.0675 1.0275
2.65

IMD5a
4
-5.0675 1.0275
7.2725 1.0275
7.2725 1.0485
-5.0675 1.0485
5.2

IMD5b
4
-5.0675 1.0485
7.2725 1.0485
7.2725 1.0635
-5.0675 1.0635
4.2

IMD5c
4
-5.0675 1.0635
7.2725 1.0635
7.2725 1.0875
-5.0675 1.0875
3.28

IMD5d1+IMD5d2
4
-5.0675 1.0875
7.2725 1.0875
7.2725 1.2145
-5.0675 1.2145
2.65

IMD6a
4
-5.0675 1.2145
7.2725 1.2145
7.2725 1.2355
-5.0675 1.2355
5.2

IMD6b
4
-5.0675 1.2355
7.2725 1.2355
7.2725 1.2505
-5.0675 1.2505
4.2

IMD6c
4
-5.0675 1.2505
7.2725 1.2505
7.2725 1.2745
-5.0675 1.2745
3.28

IMD6d1+IMD6d2
4
-5.0675 1.2745
7.2725 1.2745
7.2725 1.4015
-5.0675 1.4015
2.65

IMD7a
4
-5.0675 1.4015
7.2725 1.4015
7.2725 1.4765
-5.0675 1.4765
5.2

IMD7b1+IMD7b2
4
-5.0675 1.4765
7.2725 1.4765
7.2725 2.9765
-5.0675 2.9765
4.2

IMD8a
4
-5.0675 2.9765
7.2725 2.9765
7.2725 3.0515
-5.0675 3.0515
5.2

IMD8b1+IMD8b2
4
-5.0675 3.0515
7.2725 3.0515
7.2725 4.5515
-5.0675 4.5515
4.2

PASS1
4
-5.0675 4.5515
7.2725 4.5515
7.2725 4.6265
-5.0675 4.6265
7

PASS2
4
-5.0675 4.6265
7.2725 4.6265
7.2725 5.0265
-5.0675 5.0265
4.2

PASS3
4
-5.0675 5.0265
7.2725 5.0265
7.2725 5.1015
-5.0675 5.1015
7

PASS4+PASS5
4
-5.0675 5.1015
7.2725 5.1015
7.2725 6.0515
-5.0675 6.0515
4.2

PASS6
4
-5.0675 6.0515
7.2725 6.0515
7.2725 6.6515
-5.0675 6.6515
7

air_Layer
4
-5.0675 6.6515
7.2725 6.6515
7.2725 6.9395
-5.0675 6.9395
1


4
-5.0675 0.001
7.2725 0.001
7.2725 6.9395
-5.0675 6.9395

