c1
8
-0.01792 0.3705
0.01792 0.3705
0.020305 0.3955
0.021355 0.4065
0.02708 0.4665
-0.02708 0.4665
-0.021355 0.4065
-0.020305 0.3955

5
botleft
4
-0.6125 -0.001
0 -0.001
0 0.001
-0.6125 0.001

botright
4
0 -0.001
1.2875 -0.001
1.2875 0.001
0 0.001

lEnv
8
-0.10792 0.3705
-0.07208 0.3705
-0.069695 0.3955
-0.068645 0.4065
-0.06292 0.4665
-0.11708 0.4665
-0.111355 0.4065
-0.110305 0.3955

c2
8
0.47708 0.3705
0.60292 0.3705
0.605305 0.3955
0.606355 0.4065
0.61208 0.4665
0.46792 0.4665
0.473645 0.4065
0.474695 0.3955

rEnv
8
0.65708 0.3705
0.78292 0.3705
0.785305 0.3955
0.786355 0.4065
0.79208 0.4665
0.64792 0.4665
0.653645 0.4065
0.654695 0.3955


48
FOXA+FOXB+TOX
5
-0.6125 0.001
0 0.001
1.2875 0.001
1.2875 0.2665
-0.6125 0.2665
4

ILD1a
4
-0.6125 0.2665
1.2875 0.2665
1.2875 0.2765
-0.6125 0.2765
7

ILD1b1+ILD1b2
12
-0.6125 0.2765
1.2875 0.2765
1.2875 0.3705
0.78292 0.3705
0.65708 0.3705
0.60292 0.3705
0.47708 0.3705
0.01792 0.3705
-0.01792 0.3705
-0.07208 0.3705
-0.10792 0.3705
-0.6125 0.3705
4

ILD1b3
4
-0.6125 0.3705
-0.10792 0.3705
-0.110305 0.3955
-0.6125 0.3955
4

ILD1b3
4
-0.07208 0.3705
-0.01792 0.3705
-0.020305 0.3955
-0.069695 0.3955
4

ILD1b3
4
0.01792 0.3705
0.47708 0.3705
0.474695 0.3955
0.020305 0.3955
4

ILD1b3
4
0.60292 0.3705
0.65708 0.3705
0.654695 0.3955
0.605305 0.3955
4

ILD1b3
4
0.78292 0.3705
1.2875 0.3705
1.2875 0.3955
0.785305 0.3955
4

IMD1a
4
-0.6125 0.3955
-0.110305 0.3955
-0.111355 0.4065
-0.6125 0.4065
5.2

IMD1a
4
-0.069695 0.3955
-0.020305 0.3955
-0.021355 0.4065
-0.068645 0.4065
5.2

IMD1a
4
0.020305 0.3955
0.474695 0.3955
0.473645 0.4065
0.021355 0.4065
5.2

IMD1a
4
0.605305 0.3955
0.654695 0.3955
0.653645 0.4065
0.606355 0.4065
5.2

IMD1a
4
0.785305 0.3955
1.2875 0.3955
1.2875 0.4065
0.786355 0.4065
5.2

IMD1b
4
-0.6125 0.4065
-0.111355 0.4065
-0.11708 0.4665
-0.6125 0.4665
2.8

IMD1b
4
-0.068645 0.4065
-0.021355 0.4065
-0.02708 0.4665
-0.06292 0.4665
2.8

IMD1b
4
0.021355 0.4065
0.473645 0.4065
0.46792 0.4665
0.02708 0.4665
2.8

IMD1b
4
0.606355 0.4065
0.653645 0.4065
0.64792 0.4665
0.61208 0.4665
2.8

IMD1b
4
0.786355 0.4065
1.2875 0.4065
1.2875 0.4665
0.79208 0.4665
2.8

IMD2a
12
-0.6125 0.4665
-0.11708 0.4665
-0.06292 0.4665
-0.02708 0.4665
0.02708 0.4665
0.46792 0.4665
0.61208 0.4665
0.64792 0.4665
0.79208 0.4665
1.2875 0.4665
1.2875 0.4875
-0.6125 0.4875
5.2

IMD2b
4
-0.6125 0.4875
1.2875 0.4875
1.2875 0.5025
-0.6125 0.5025
4.2

IMD2c
4
-0.6125 0.5025
1.2875 0.5025
1.2875 0.5265
-0.6125 0.5265
3.28

IMD2d1+IMD2d2
4
-0.6125 0.5265
1.2875 0.5265
1.2875 0.6535
-0.6125 0.6535
2.65

IMD3a
4
-0.6125 0.6535
1.2875 0.6535
1.2875 0.6745
-0.6125 0.6745
5.2

IMD3b
4
-0.6125 0.6745
1.2875 0.6745
1.2875 0.6895
-0.6125 0.6895
4.2

IMD3c
4
-0.6125 0.6895
1.2875 0.6895
1.2875 0.7135
-0.6125 0.7135
3.28

IMD3d1+IMD3d2
4
-0.6125 0.7135
1.2875 0.7135
1.2875 0.8405
-0.6125 0.8405
2.65

IMD4a
4
-0.6125 0.8405
1.2875 0.8405
1.2875 0.8615
-0.6125 0.8615
5.2

IMD4b
4
-0.6125 0.8615
1.2875 0.8615
1.2875 0.8765
-0.6125 0.8765
4.2

IMD4c
4
-0.6125 0.8765
1.2875 0.8765
1.2875 0.9005
-0.6125 0.9005
3.28

IMD4d1+IMD4d2
4
-0.6125 0.9005
1.2875 0.9005
1.2875 1.0275
-0.6125 1.0275
2.65

IMD5a
4
-0.6125 1.0275
1.2875 1.0275
1.2875 1.0485
-0.6125 1.0485
5.2

IMD5b
4
-0.6125 1.0485
1.2875 1.0485
1.2875 1.0635
-0.6125 1.0635
4.2

IMD5c
4
-0.6125 1.0635
1.2875 1.0635
1.2875 1.0875
-0.6125 1.0875
3.28

IMD5d1+IMD5d2
4
-0.6125 1.0875
1.2875 1.0875
1.2875 1.2145
-0.6125 1.2145
2.65

IMD6a
4
-0.6125 1.2145
1.2875 1.2145
1.2875 1.2355
-0.6125 1.2355
5.2

IMD6b
4
-0.6125 1.2355
1.2875 1.2355
1.2875 1.2505
-0.6125 1.2505
4.2

IMD6c
4
-0.6125 1.2505
1.2875 1.2505
1.2875 1.2745
-0.6125 1.2745
3.28

IMD6d1+IMD6d2
4
-0.6125 1.2745
1.2875 1.2745
1.2875 1.4015
-0.6125 1.4015
2.65

IMD7a
4
-0.6125 1.4015
1.2875 1.4015
1.2875 1.4765
-0.6125 1.4765
5.2

IMD7b1+IMD7b2
4
-0.6125 1.4765
1.2875 1.4765
1.2875 2.9765
-0.6125 2.9765
4.2

IMD8a
4
-0.6125 2.9765
1.2875 2.9765
1.2875 3.0515
-0.6125 3.0515
5.2

IMD8b1+IMD8b2
4
-0.6125 3.0515
1.2875 3.0515
1.2875 4.5515
-0.6125 4.5515
4.2

PASS1
4
-0.6125 4.5515
1.2875 4.5515
1.2875 4.6265
-0.6125 4.6265
7

PASS2
4
-0.6125 4.6265
1.2875 4.6265
1.2875 5.0265
-0.6125 5.0265
4.2

PASS3
4
-0.6125 5.0265
1.2875 5.0265
1.2875 5.1015
-0.6125 5.1015
7

PASS4+PASS5
4
-0.6125 5.1015
1.2875 5.1015
1.2875 6.0515
-0.6125 6.0515
4.2

PASS6
4
-0.6125 6.0515
1.2875 6.0515
1.2875 6.6515
-0.6125 6.6515
7

air_Layer
4
-0.6125 6.6515
1.2875 6.6515
1.2875 6.9395
-0.6125 6.9395
1


4
-0.6125 0.001
1.2875 0.001
1.2875 6.9395
-0.6125 6.9395

