c1
8
-0.44542 0.3705
0.44542 0.3705
0.447805 0.3955
0.448855 0.4065
0.45458 0.4665
-0.45458 0.4665
-0.448855 0.4065
-0.447805 0.3955

5
botleft
4
-1.895 -0.001
0 -0.001
0 0.001
-1.895 0.001

botright
4
0 -0.001
1.49 -0.001
1.49 0.001
0 0.001

lEnv
8
-1.39042 0.3705
-0.49958 0.3705
-0.497195 0.3955
-0.496145 0.4065
-0.49042 0.4665
-1.39958 0.4665
-1.393855 0.4065
-1.392805 0.3955

c2
8
0.67958 0.3705
0.80542 0.3705
0.807805 0.3955
0.808855 0.4065
0.81458 0.4665
0.67042 0.4665
0.676145 0.4065
0.677195 0.3955

rEnv
8
0.85958 0.3705
0.98542 0.3705
0.987805 0.3955
0.988855 0.4065
0.99458 0.4665
0.85042 0.4665
0.856145 0.4065
0.857195 0.3955


48
FOXA+FOXB+TOX
5
-1.895 0.001
0 0.001
1.49 0.001
1.49 0.2665
-1.895 0.2665
4

ILD1a
4
-1.895 0.2665
1.49 0.2665
1.49 0.2765
-1.895 0.2765
7

ILD1b1+ILD1b2
12
-1.895 0.2765
1.49 0.2765
1.49 0.3705
0.98542 0.3705
0.85958 0.3705
0.80542 0.3705
0.67958 0.3705
0.44542 0.3705
-0.44542 0.3705
-0.49958 0.3705
-1.39042 0.3705
-1.895 0.3705
4

ILD1b3
4
-1.895 0.3705
-1.39042 0.3705
-1.392805 0.3955
-1.895 0.3955
4

ILD1b3
4
-0.49958 0.3705
-0.44542 0.3705
-0.447805 0.3955
-0.497195 0.3955
4

ILD1b3
4
0.44542 0.3705
0.67958 0.3705
0.677195 0.3955
0.447805 0.3955
4

ILD1b3
4
0.80542 0.3705
0.85958 0.3705
0.857195 0.3955
0.807805 0.3955
4

ILD1b3
4
0.98542 0.3705
1.49 0.3705
1.49 0.3955
0.987805 0.3955
4

IMD1a
4
-1.895 0.3955
-1.392805 0.3955
-1.393855 0.4065
-1.895 0.4065
5.2

IMD1a
4
-0.497195 0.3955
-0.447805 0.3955
-0.448855 0.4065
-0.496145 0.4065
5.2

IMD1a
4
0.447805 0.3955
0.677195 0.3955
0.676145 0.4065
0.448855 0.4065
5.2

IMD1a
4
0.807805 0.3955
0.857195 0.3955
0.856145 0.4065
0.808855 0.4065
5.2

IMD1a
4
0.987805 0.3955
1.49 0.3955
1.49 0.4065
0.988855 0.4065
5.2

IMD1b
4
-1.895 0.4065
-1.393855 0.4065
-1.39958 0.4665
-1.895 0.4665
2.8

IMD1b
4
-0.496145 0.4065
-0.448855 0.4065
-0.45458 0.4665
-0.49042 0.4665
2.8

IMD1b
4
0.448855 0.4065
0.676145 0.4065
0.67042 0.4665
0.45458 0.4665
2.8

IMD1b
4
0.808855 0.4065
0.856145 0.4065
0.85042 0.4665
0.81458 0.4665
2.8

IMD1b
4
0.988855 0.4065
1.49 0.4065
1.49 0.4665
0.99458 0.4665
2.8

IMD2a
12
-1.895 0.4665
-1.39958 0.4665
-0.49042 0.4665
-0.45458 0.4665
0.45458 0.4665
0.67042 0.4665
0.81458 0.4665
0.85042 0.4665
0.99458 0.4665
1.49 0.4665
1.49 0.4875
-1.895 0.4875
5.2

IMD2b
4
-1.895 0.4875
1.49 0.4875
1.49 0.5025
-1.895 0.5025
4.2

IMD2c
4
-1.895 0.5025
1.49 0.5025
1.49 0.5265
-1.895 0.5265
3.28

IMD2d1+IMD2d2
4
-1.895 0.5265
1.49 0.5265
1.49 0.6535
-1.895 0.6535
2.65

IMD3a
4
-1.895 0.6535
1.49 0.6535
1.49 0.6745
-1.895 0.6745
5.2

IMD3b
4
-1.895 0.6745
1.49 0.6745
1.49 0.6895
-1.895 0.6895
4.2

IMD3c
4
-1.895 0.6895
1.49 0.6895
1.49 0.7135
-1.895 0.7135
3.28

IMD3d1+IMD3d2
4
-1.895 0.7135
1.49 0.7135
1.49 0.8405
-1.895 0.8405
2.65

IMD4a
4
-1.895 0.8405
1.49 0.8405
1.49 0.8615
-1.895 0.8615
5.2

IMD4b
4
-1.895 0.8615
1.49 0.8615
1.49 0.8765
-1.895 0.8765
4.2

IMD4c
4
-1.895 0.8765
1.49 0.8765
1.49 0.9005
-1.895 0.9005
3.28

IMD4d1+IMD4d2
4
-1.895 0.9005
1.49 0.9005
1.49 1.0275
-1.895 1.0275
2.65

IMD5a
4
-1.895 1.0275
1.49 1.0275
1.49 1.0485
-1.895 1.0485
5.2

IMD5b
4
-1.895 1.0485
1.49 1.0485
1.49 1.0635
-1.895 1.0635
4.2

IMD5c
4
-1.895 1.0635
1.49 1.0635
1.49 1.0875
-1.895 1.0875
3.28

IMD5d1+IMD5d2
4
-1.895 1.0875
1.49 1.0875
1.49 1.2145
-1.895 1.2145
2.65

IMD6a
4
-1.895 1.2145
1.49 1.2145
1.49 1.2355
-1.895 1.2355
5.2

IMD6b
4
-1.895 1.2355
1.49 1.2355
1.49 1.2505
-1.895 1.2505
4.2

IMD6c
4
-1.895 1.2505
1.49 1.2505
1.49 1.2745
-1.895 1.2745
3.28

IMD6d1+IMD6d2
4
-1.895 1.2745
1.49 1.2745
1.49 1.4015
-1.895 1.4015
2.65

IMD7a
4
-1.895 1.4015
1.49 1.4015
1.49 1.4765
-1.895 1.4765
5.2

IMD7b1+IMD7b2
4
-1.895 1.4765
1.49 1.4765
1.49 2.9765
-1.895 2.9765
4.2

IMD8a
4
-1.895 2.9765
1.49 2.9765
1.49 3.0515
-1.895 3.0515
5.2

IMD8b1+IMD8b2
4
-1.895 3.0515
1.49 3.0515
1.49 4.5515
-1.895 4.5515
4.2

PASS1
4
-1.895 4.5515
1.49 4.5515
1.49 4.6265
-1.895 4.6265
7

PASS2
4
-1.895 4.6265
1.49 4.6265
1.49 5.0265
-1.895 5.0265
4.2

PASS3
4
-1.895 5.0265
1.49 5.0265
1.49 5.1015
-1.895 5.1015
7

PASS4+PASS5
4
-1.895 5.1015
1.49 5.1015
1.49 6.0515
-1.895 6.0515
4.2

PASS6
4
-1.895 6.0515
1.49 6.0515
1.49 6.6515
-1.895 6.6515
7

air_Layer
4
-1.895 6.6515
1.49 6.6515
1.49 9.3515
-1.895 9.3515
1


4
-1.895 0.001
1.49 0.001
1.49 9.3515
-1.895 9.3515

