c1
8
-0.06292 0.3705
0.06292 0.3705
0.065305 0.3955
0.066355 0.4065
0.07208 0.4665
-0.07208 0.4665
-0.066355 0.4065
-0.065305 0.3955

5
botleft
4
-0.7475 -0.001
0 -0.001
0 0.001
-0.7475 0.001

botright
4
0 -0.001
2.5025 -0.001
2.5025 0.001
0 0.001

lEnv
8
-0.24292 0.3705
-0.11708 0.3705
-0.114695 0.3955
-0.113645 0.4065
-0.10792 0.4665
-0.25208 0.4665
-0.246355 0.4065
-0.245305 0.3955

c2
8
0.16208 0.3705
1.05292 0.3705
1.055305 0.3955
1.056355 0.4065
1.06208 0.4665
0.15292 0.4665
0.158645 0.4065
0.159695 0.3955

rEnv
8
1.10708 0.3705
1.99792 0.3705
2.000305 0.3955
2.001355 0.4065
2.00708 0.4665
1.09792 0.4665
1.103645 0.4065
1.104695 0.3955


48
FOXA+FOXB+TOX
6
-0.7476 0.001
-0.7475 0.001
0 0.001
2.5025 0.001
2.5025 0.2665
-0.7476 0.2665
4

ILD1a
4
-0.7476 0.2665
2.5025 0.2665
2.5025 0.2765
-0.7476 0.2765
7

ILD1b1+ILD1b2
12
-0.7476 0.2765
2.5025 0.2765
2.5025 0.3705
1.99792 0.3705
1.10708 0.3705
1.05292 0.3705
0.16208 0.3705
0.06292 0.3705
-0.06292 0.3705
-0.11708 0.3705
-0.24292 0.3705
-0.7476 0.3705
4

ILD1b3
4
-0.7476 0.3705
-0.24292 0.3705
-0.245305 0.3955
-0.7476 0.3955
4

ILD1b3
4
-0.11708 0.3705
-0.06292 0.3705
-0.065305 0.3955
-0.114695 0.3955
4

ILD1b3
4
0.06292 0.3705
0.16208 0.3705
0.159695 0.3955
0.065305 0.3955
4

ILD1b3
4
1.05292 0.3705
1.10708 0.3705
1.104695 0.3955
1.055305 0.3955
4

ILD1b3
4
1.99792 0.3705
2.5025 0.3705
2.5025 0.3955
2.000305 0.3955
4

IMD1a
4
-0.7476 0.3955
-0.245305 0.3955
-0.246355 0.4065
-0.7476 0.4065
5.2

IMD1a
4
-0.114695 0.3955
-0.065305 0.3955
-0.066355 0.4065
-0.113645 0.4065
5.2

IMD1a
4
0.065305 0.3955
0.159695 0.3955
0.158645 0.4065
0.066355 0.4065
5.2

IMD1a
4
1.055305 0.3955
1.104695 0.3955
1.103645 0.4065
1.056355 0.4065
5.2

IMD1a
4
2.000305 0.3955
2.5025 0.3955
2.5025 0.4065
2.001355 0.4065
5.2

IMD1b
4
-0.7476 0.4065
-0.246355 0.4065
-0.25208 0.4665
-0.7476 0.4665
2.8

IMD1b
4
-0.113645 0.4065
-0.066355 0.4065
-0.07208 0.4665
-0.10792 0.4665
2.8

IMD1b
4
0.066355 0.4065
0.158645 0.4065
0.15292 0.4665
0.07208 0.4665
2.8

IMD1b
4
1.056355 0.4065
1.103645 0.4065
1.09792 0.4665
1.06208 0.4665
2.8

IMD1b
4
2.001355 0.4065
2.5025 0.4065
2.5025 0.4665
2.00708 0.4665
2.8

IMD2a
12
-0.7476 0.4665
-0.25208 0.4665
-0.10792 0.4665
-0.07208 0.4665
0.07208 0.4665
0.15292 0.4665
1.06208 0.4665
1.09792 0.4665
2.00708 0.4665
2.5025 0.4665
2.5025 0.4875
-0.7476 0.4875
5.2

IMD2b
4
-0.7476 0.4875
2.5025 0.4875
2.5025 0.5025
-0.7476 0.5025
4.2

IMD2c
4
-0.7476 0.5025
2.5025 0.5025
2.5025 0.5265
-0.7476 0.5265
3.28

IMD2d1+IMD2d2
4
-0.7476 0.5265
2.5025 0.5265
2.5025 0.6535
-0.7476 0.6535
2.65

IMD3a
4
-0.7476 0.6535
2.5025 0.6535
2.5025 0.6745
-0.7476 0.6745
5.2

IMD3b
4
-0.7476 0.6745
2.5025 0.6745
2.5025 0.6895
-0.7476 0.6895
4.2

IMD3c
4
-0.7476 0.6895
2.5025 0.6895
2.5025 0.7135
-0.7476 0.7135
3.28

IMD3d1+IMD3d2
4
-0.7476 0.7135
2.5025 0.7135
2.5025 0.8405
-0.7476 0.8405
2.65

IMD4a
4
-0.7476 0.8405
2.5025 0.8405
2.5025 0.8615
-0.7476 0.8615
5.2

IMD4b
4
-0.7476 0.8615
2.5025 0.8615
2.5025 0.8765
-0.7476 0.8765
4.2

IMD4c
4
-0.7476 0.8765
2.5025 0.8765
2.5025 0.9005
-0.7476 0.9005
3.28

IMD4d1+IMD4d2
4
-0.7476 0.9005
2.5025 0.9005
2.5025 1.0275
-0.7476 1.0275
2.65

IMD5a
4
-0.7476 1.0275
2.5025 1.0275
2.5025 1.0485
-0.7476 1.0485
5.2

IMD5b
4
-0.7476 1.0485
2.5025 1.0485
2.5025 1.0635
-0.7476 1.0635
4.2

IMD5c
4
-0.7476 1.0635
2.5025 1.0635
2.5025 1.0875
-0.7476 1.0875
3.28

IMD5d1+IMD5d2
4
-0.7476 1.0875
2.5025 1.0875
2.5025 1.2145
-0.7476 1.2145
2.65

IMD6a
4
-0.7476 1.2145
2.5025 1.2145
2.5025 1.2355
-0.7476 1.2355
5.2

IMD6b
4
-0.7476 1.2355
2.5025 1.2355
2.5025 1.2505
-0.7476 1.2505
4.2

IMD6c
4
-0.7476 1.2505
2.5025 1.2505
2.5025 1.2745
-0.7476 1.2745
3.28

IMD6d1+IMD6d2
4
-0.7476 1.2745
2.5025 1.2745
2.5025 1.4015
-0.7476 1.4015
2.65

IMD7a
4
-0.7476 1.4015
2.5025 1.4015
2.5025 1.4765
-0.7476 1.4765
5.2

IMD7b1+IMD7b2
4
-0.7476 1.4765
2.5025 1.4765
2.5025 2.9765
-0.7476 2.9765
4.2

IMD8a
4
-0.7476 2.9765
2.5025 2.9765
2.5025 3.0515
-0.7476 3.0515
5.2

IMD8b1+IMD8b2
4
-0.7476 3.0515
2.5025 3.0515
2.5025 4.5515
-0.7476 4.5515
4.2

PASS1
4
-0.7476 4.5515
2.5025 4.5515
2.5025 4.6265
-0.7476 4.6265
7

PASS2
4
-0.7476 4.6265
2.5025 4.6265
2.5025 5.0265
-0.7476 5.0265
4.2

PASS3
4
-0.7476 5.0265
2.5025 5.0265
2.5025 5.1015
-0.7476 5.1015
7

PASS4+PASS5
4
-0.7476 5.1015
2.5025 5.1015
2.5025 6.0515
-0.7476 6.0515
4.2

PASS6
4
-0.7476 6.0515
2.5025 6.0515
2.5025 6.6515
-0.7476 6.6515
7

air_Layer
4
-0.7476 6.6515
2.5025 6.6515
2.5025 7.0565
-0.7476 7.0565
1


4
-0.7476 0.001
2.5025 0.001
2.5025 7.0565
-0.7476 7.0565

