c1
8
-0.44542 0.3705
0.44542 0.3705
0.447805 0.3955
0.448855 0.4065
0.45458 0.4665
-0.45458 0.4665
-0.448855 0.4065
-0.447805 0.3955

5
botleft
4
-1.895 -0.001
0 -0.001
0 0.001
-1.895 0.001

botright
4
0 -0.001
3.605 -0.001
3.605 0.001
0 0.001

lEnv
8
-1.39042 0.3705
-0.49958 0.3705
-0.497195 0.3955
-0.496145 0.4065
-0.49042 0.4665
-1.39958 0.4665
-1.393855 0.4065
-1.392805 0.3955

c2
8
1.26458 0.3705
2.15542 0.3705
2.157805 0.3955
2.158855 0.4065
2.16458 0.4665
1.25542 0.4665
1.261145 0.4065
1.262195 0.3955

rEnv
8
2.20958 0.3705
3.10042 0.3705
3.102805 0.3955
3.103855 0.4065
3.10958 0.4665
2.20042 0.4665
2.206145 0.4065
2.207195 0.3955


48
FOXA+FOXB+TOX
5
-1.895 0.001
0 0.001
3.605 0.001
3.605 0.2665
-1.895 0.2665
4

ILD1a
4
-1.895 0.2665
3.605 0.2665
3.605 0.2765
-1.895 0.2765
7

ILD1b1+ILD1b2
12
-1.895 0.2765
3.605 0.2765
3.605 0.3705
3.10042 0.3705
2.20958 0.3705
2.15542 0.3705
1.26458 0.3705
0.44542 0.3705
-0.44542 0.3705
-0.49958 0.3705
-1.39042 0.3705
-1.895 0.3705
4

ILD1b3
4
-1.895 0.3705
-1.39042 0.3705
-1.392805 0.3955
-1.895 0.3955
4

ILD1b3
4
-0.49958 0.3705
-0.44542 0.3705
-0.447805 0.3955
-0.497195 0.3955
4

ILD1b3
4
0.44542 0.3705
1.26458 0.3705
1.262195 0.3955
0.447805 0.3955
4

ILD1b3
4
2.15542 0.3705
2.20958 0.3705
2.207195 0.3955
2.157805 0.3955
4

ILD1b3
4
3.10042 0.3705
3.605 0.3705
3.605 0.3955
3.102805 0.3955
4

IMD1a
4
-1.895 0.3955
-1.392805 0.3955
-1.393855 0.4065
-1.895 0.4065
5.2

IMD1a
4
-0.497195 0.3955
-0.447805 0.3955
-0.448855 0.4065
-0.496145 0.4065
5.2

IMD1a
4
0.447805 0.3955
1.262195 0.3955
1.261145 0.4065
0.448855 0.4065
5.2

IMD1a
4
2.157805 0.3955
2.207195 0.3955
2.206145 0.4065
2.158855 0.4065
5.2

IMD1a
4
3.102805 0.3955
3.605 0.3955
3.605 0.4065
3.103855 0.4065
5.2

IMD1b
4
-1.895 0.4065
-1.393855 0.4065
-1.39958 0.4665
-1.895 0.4665
2.8

IMD1b
4
-0.496145 0.4065
-0.448855 0.4065
-0.45458 0.4665
-0.49042 0.4665
2.8

IMD1b
4
0.448855 0.4065
1.261145 0.4065
1.25542 0.4665
0.45458 0.4665
2.8

IMD1b
4
2.158855 0.4065
2.206145 0.4065
2.20042 0.4665
2.16458 0.4665
2.8

IMD1b
4
3.103855 0.4065
3.605 0.4065
3.605 0.4665
3.10958 0.4665
2.8

IMD2a
12
-1.895 0.4665
-1.39958 0.4665
-0.49042 0.4665
-0.45458 0.4665
0.45458 0.4665
1.25542 0.4665
2.16458 0.4665
2.20042 0.4665
3.10958 0.4665
3.605 0.4665
3.605 0.4875
-1.895 0.4875
5.2

IMD2b
4
-1.895 0.4875
3.605 0.4875
3.605 0.5025
-1.895 0.5025
4.2

IMD2c
4
-1.895 0.5025
3.605 0.5025
3.605 0.5265
-1.895 0.5265
3.28

IMD2d1+IMD2d2
4
-1.895 0.5265
3.605 0.5265
3.605 0.6535
-1.895 0.6535
2.65

IMD3a
4
-1.895 0.6535
3.605 0.6535
3.605 0.6745
-1.895 0.6745
5.2

IMD3b
4
-1.895 0.6745
3.605 0.6745
3.605 0.6895
-1.895 0.6895
4.2

IMD3c
4
-1.895 0.6895
3.605 0.6895
3.605 0.7135
-1.895 0.7135
3.28

IMD3d1+IMD3d2
4
-1.895 0.7135
3.605 0.7135
3.605 0.8405
-1.895 0.8405
2.65

IMD4a
4
-1.895 0.8405
3.605 0.8405
3.605 0.8615
-1.895 0.8615
5.2

IMD4b
4
-1.895 0.8615
3.605 0.8615
3.605 0.8765
-1.895 0.8765
4.2

IMD4c
4
-1.895 0.8765
3.605 0.8765
3.605 0.9005
-1.895 0.9005
3.28

IMD4d1+IMD4d2
4
-1.895 0.9005
3.605 0.9005
3.605 1.0275
-1.895 1.0275
2.65

IMD5a
4
-1.895 1.0275
3.605 1.0275
3.605 1.0485
-1.895 1.0485
5.2

IMD5b
4
-1.895 1.0485
3.605 1.0485
3.605 1.0635
-1.895 1.0635
4.2

IMD5c
4
-1.895 1.0635
3.605 1.0635
3.605 1.0875
-1.895 1.0875
3.28

IMD5d1+IMD5d2
4
-1.895 1.0875
3.605 1.0875
3.605 1.2145
-1.895 1.2145
2.65

IMD6a
4
-1.895 1.2145
3.605 1.2145
3.605 1.2355
-1.895 1.2355
5.2

IMD6b
4
-1.895 1.2355
3.605 1.2355
3.605 1.2505
-1.895 1.2505
4.2

IMD6c
4
-1.895 1.2505
3.605 1.2505
3.605 1.2745
-1.895 1.2745
3.28

IMD6d1+IMD6d2
4
-1.895 1.2745
3.605 1.2745
3.605 1.4015
-1.895 1.4015
2.65

IMD7a
4
-1.895 1.4015
3.605 1.4015
3.605 1.4765
-1.895 1.4765
5.2

IMD7b1+IMD7b2
4
-1.895 1.4765
3.605 1.4765
3.605 2.9765
-1.895 2.9765
4.2

IMD8a
4
-1.895 2.9765
3.605 2.9765
3.605 3.0515
-1.895 3.0515
5.2

IMD8b1+IMD8b2
4
-1.895 3.0515
3.605 3.0515
3.605 4.5515
-1.895 4.5515
4.2

PASS1
4
-1.895 4.5515
3.605 4.5515
3.605 4.6265
-1.895 4.6265
7

PASS2
4
-1.895 4.6265
3.605 4.6265
3.605 5.0265
-1.895 5.0265
4.2

PASS3
4
-1.895 5.0265
3.605 5.0265
3.605 5.1015
-1.895 5.1015
7

PASS4+PASS5
4
-1.895 5.1015
3.605 5.1015
3.605 6.0515
-1.895 6.0515
4.2

PASS6
4
-1.895 6.0515
3.605 6.0515
3.605 6.6515
-1.895 6.6515
7

air_Layer
4
-1.895 6.6515
3.605 6.6515
3.605 9.3515
-1.895 9.3515
1


4
-1.895 0.001
3.605 0.001
3.605 9.3515
-1.895 9.3515

