c1
8
-0.06292 0.3705
0.06292 0.3705
0.065305 0.3955
0.066355 0.4065
0.07208 0.4665
-0.07208 0.4665
-0.066355 0.4065
-0.065305 0.3955

3
botleft
4
-5.2025 -0.001
0 -0.001
0 0.001
-5.2025 0.001

botright
4
0 -0.001
7.0475 -0.001
7.0475 0.001
0 0.001

c2
8
0.25208 0.3705
1.14292 0.3705
1.145305 0.3955
1.146355 0.4065
1.15208 0.4665
0.24292 0.4665
0.248645 0.4065
0.249695 0.3955


42
FOXA+FOXB+TOX
5
-5.2025 0.001
0 0.001
7.0475 0.001
7.0475 0.2665
-5.2025 0.2665
4

ILD1a
4
-5.2025 0.2665
7.0475 0.2665
7.0475 0.2765
-5.2025 0.2765
7

ILD1b1+ILD1b2
8
-5.2025 0.2765
7.0475 0.2765
7.0475 0.3705
1.14292 0.3705
0.25208 0.3705
0.06292 0.3705
-0.06292 0.3705
-5.2025 0.3705
4

ILD1b3
4
-5.2025 0.3705
-0.06292 0.3705
-0.065305 0.3955
-5.2025 0.3955
4

ILD1b3
4
0.06292 0.3705
0.25208 0.3705
0.249695 0.3955
0.065305 0.3955
4

ILD1b3
4
1.14292 0.3705
7.0475 0.3705
7.0475 0.3955
1.145305 0.3955
4

IMD1a
4
-5.2025 0.3955
-0.065305 0.3955
-0.066355 0.4065
-5.2025 0.4065
5.2

IMD1a
4
0.065305 0.3955
0.249695 0.3955
0.248645 0.4065
0.066355 0.4065
5.2

IMD1a
4
1.145305 0.3955
7.0475 0.3955
7.0475 0.4065
1.146355 0.4065
5.2

IMD1b
4
-5.2025 0.4065
-0.066355 0.4065
-0.07208 0.4665
-5.2025 0.4665
2.8

IMD1b
4
0.066355 0.4065
0.248645 0.4065
0.24292 0.4665
0.07208 0.4665
2.8

IMD1b
4
1.146355 0.4065
7.0475 0.4065
7.0475 0.4665
1.15208 0.4665
2.8

IMD2a
8
-5.2025 0.4665
-0.07208 0.4665
0.07208 0.4665
0.24292 0.4665
1.15208 0.4665
7.0475 0.4665
7.0475 0.4875
-5.2025 0.4875
5.2

IMD2b
4
-5.2025 0.4875
7.0475 0.4875
7.0475 0.5025
-5.2025 0.5025
4.2

IMD2c
4
-5.2025 0.5025
7.0475 0.5025
7.0475 0.5265
-5.2025 0.5265
3.28

IMD2d1+IMD2d2
4
-5.2025 0.5265
7.0475 0.5265
7.0475 0.6535
-5.2025 0.6535
2.65

IMD3a
4
-5.2025 0.6535
7.0475 0.6535
7.0475 0.6745
-5.2025 0.6745
5.2

IMD3b
4
-5.2025 0.6745
7.0475 0.6745
7.0475 0.6895
-5.2025 0.6895
4.2

IMD3c
4
-5.2025 0.6895
7.0475 0.6895
7.0475 0.7135
-5.2025 0.7135
3.28

IMD3d1+IMD3d2
4
-5.2025 0.7135
7.0475 0.7135
7.0475 0.8405
-5.2025 0.8405
2.65

IMD4a
4
-5.2025 0.8405
7.0475 0.8405
7.0475 0.8615
-5.2025 0.8615
5.2

IMD4b
4
-5.2025 0.8615
7.0475 0.8615
7.0475 0.8765
-5.2025 0.8765
4.2

IMD4c
4
-5.2025 0.8765
7.0475 0.8765
7.0475 0.9005
-5.2025 0.9005
3.28

IMD4d1+IMD4d2
4
-5.2025 0.9005
7.0475 0.9005
7.0475 1.0275
-5.2025 1.0275
2.65

IMD5a
4
-5.2025 1.0275
7.0475 1.0275
7.0475 1.0485
-5.2025 1.0485
5.2

IMD5b
4
-5.2025 1.0485
7.0475 1.0485
7.0475 1.0635
-5.2025 1.0635
4.2

IMD5c
4
-5.2025 1.0635
7.0475 1.0635
7.0475 1.0875
-5.2025 1.0875
3.28

IMD5d1+IMD5d2
4
-5.2025 1.0875
7.0475 1.0875
7.0475 1.2145
-5.2025 1.2145
2.65

IMD6a
4
-5.2025 1.2145
7.0475 1.2145
7.0475 1.2355
-5.2025 1.2355
5.2

IMD6b
4
-5.2025 1.2355
7.0475 1.2355
7.0475 1.2505
-5.2025 1.2505
4.2

IMD6c
4
-5.2025 1.2505
7.0475 1.2505
7.0475 1.2745
-5.2025 1.2745
3.28

IMD6d1+IMD6d2
4
-5.2025 1.2745
7.0475 1.2745
7.0475 1.4015
-5.2025 1.4015
2.65

IMD7a
4
-5.2025 1.4015
7.0475 1.4015
7.0475 1.4765
-5.2025 1.4765
5.2

IMD7b1+IMD7b2
4
-5.2025 1.4765
7.0475 1.4765
7.0475 2.9765
-5.2025 2.9765
4.2

IMD8a
4
-5.2025 2.9765
7.0475 2.9765
7.0475 3.0515
-5.2025 3.0515
5.2

IMD8b1+IMD8b2
4
-5.2025 3.0515
7.0475 3.0515
7.0475 4.5515
-5.2025 4.5515
4.2

PASS1
4
-5.2025 4.5515
7.0475 4.5515
7.0475 4.6265
-5.2025 4.6265
7

PASS2
4
-5.2025 4.6265
7.0475 4.6265
7.0475 5.0265
-5.2025 5.0265
4.2

PASS3
4
-5.2025 5.0265
7.0475 5.0265
7.0475 5.1015
-5.2025 5.1015
7

PASS4+PASS5
4
-5.2025 5.1015
7.0475 5.1015
7.0475 6.0515
-5.2025 6.0515
4.2

PASS6
4
-5.2025 6.0515
7.0475 6.0515
7.0475 6.6515
-5.2025 6.6515
7

air_Layer
4
-5.2025 6.6515
7.0475 6.6515
7.0475 7.0565
-5.2025 7.0565
1


4
-5.2025 0.001
7.0475 0.001
7.0475 7.0565
-5.2025 7.0565

