c1
8
-0.01792 0.3705
0.01792 0.3705
0.020305 0.3955
0.021355 0.4065
0.02708 0.4665
-0.02708 0.4665
-0.021355 0.4065
-0.020305 0.3955

5
botleft
4
-0.6125 -0.001
0 -0.001
0 0.001
-0.6125 0.001

botright
4
0 -0.001
2.9975 -0.001
2.9975 0.001
0 0.001

lEnv
8
-0.10792 0.3705
-0.07208 0.3705
-0.069695 0.3955
-0.068645 0.4065
-0.06292 0.4665
-0.11708 0.4665
-0.111355 0.4065
-0.110305 0.3955

c2
8
0.65708 0.3705
1.54792 0.3705
1.550305 0.3955
1.551355 0.4065
1.55708 0.4665
0.64792 0.4665
0.653645 0.4065
0.654695 0.3955

rEnv
8
1.60208 0.3705
2.49292 0.3705
2.495305 0.3955
2.496355 0.4065
2.50208 0.4665
1.59292 0.4665
1.598645 0.4065
1.599695 0.3955


48
FOXA+FOXB+TOX
5
-0.6125 0.001
0 0.001
2.9975 0.001
2.9975 0.2665
-0.6125 0.2665
4

ILD1a
4
-0.6125 0.2665
2.9975 0.2665
2.9975 0.2765
-0.6125 0.2765
7

ILD1b1+ILD1b2
12
-0.6125 0.2765
2.9975 0.2765
2.9975 0.3705
2.49292 0.3705
1.60208 0.3705
1.54792 0.3705
0.65708 0.3705
0.01792 0.3705
-0.01792 0.3705
-0.07208 0.3705
-0.10792 0.3705
-0.6125 0.3705
4

ILD1b3
4
-0.6125 0.3705
-0.10792 0.3705
-0.110305 0.3955
-0.6125 0.3955
4

ILD1b3
4
-0.07208 0.3705
-0.01792 0.3705
-0.020305 0.3955
-0.069695 0.3955
4

ILD1b3
4
0.01792 0.3705
0.65708 0.3705
0.654695 0.3955
0.020305 0.3955
4

ILD1b3
4
1.54792 0.3705
1.60208 0.3705
1.599695 0.3955
1.550305 0.3955
4

ILD1b3
4
2.49292 0.3705
2.9975 0.3705
2.9975 0.3955
2.495305 0.3955
4

IMD1a
4
-0.6125 0.3955
-0.110305 0.3955
-0.111355 0.4065
-0.6125 0.4065
5.2

IMD1a
4
-0.069695 0.3955
-0.020305 0.3955
-0.021355 0.4065
-0.068645 0.4065
5.2

IMD1a
4
0.020305 0.3955
0.654695 0.3955
0.653645 0.4065
0.021355 0.4065
5.2

IMD1a
4
1.550305 0.3955
1.599695 0.3955
1.598645 0.4065
1.551355 0.4065
5.2

IMD1a
4
2.495305 0.3955
2.9975 0.3955
2.9975 0.4065
2.496355 0.4065
5.2

IMD1b
4
-0.6125 0.4065
-0.111355 0.4065
-0.11708 0.4665
-0.6125 0.4665
2.8

IMD1b
4
-0.068645 0.4065
-0.021355 0.4065
-0.02708 0.4665
-0.06292 0.4665
2.8

IMD1b
4
0.021355 0.4065
0.653645 0.4065
0.64792 0.4665
0.02708 0.4665
2.8

IMD1b
4
1.551355 0.4065
1.598645 0.4065
1.59292 0.4665
1.55708 0.4665
2.8

IMD1b
4
2.496355 0.4065
2.9975 0.4065
2.9975 0.4665
2.50208 0.4665
2.8

IMD2a
12
-0.6125 0.4665
-0.11708 0.4665
-0.06292 0.4665
-0.02708 0.4665
0.02708 0.4665
0.64792 0.4665
1.55708 0.4665
1.59292 0.4665
2.50208 0.4665
2.9975 0.4665
2.9975 0.4875
-0.6125 0.4875
5.2

IMD2b
4
-0.6125 0.4875
2.9975 0.4875
2.9975 0.5025
-0.6125 0.5025
4.2

IMD2c
4
-0.6125 0.5025
2.9975 0.5025
2.9975 0.5265
-0.6125 0.5265
3.28

IMD2d1+IMD2d2
4
-0.6125 0.5265
2.9975 0.5265
2.9975 0.6535
-0.6125 0.6535
2.65

IMD3a
4
-0.6125 0.6535
2.9975 0.6535
2.9975 0.6745
-0.6125 0.6745
5.2

IMD3b
4
-0.6125 0.6745
2.9975 0.6745
2.9975 0.6895
-0.6125 0.6895
4.2

IMD3c
4
-0.6125 0.6895
2.9975 0.6895
2.9975 0.7135
-0.6125 0.7135
3.28

IMD3d1+IMD3d2
4
-0.6125 0.7135
2.9975 0.7135
2.9975 0.8405
-0.6125 0.8405
2.65

IMD4a
4
-0.6125 0.8405
2.9975 0.8405
2.9975 0.8615
-0.6125 0.8615
5.2

IMD4b
4
-0.6125 0.8615
2.9975 0.8615
2.9975 0.8765
-0.6125 0.8765
4.2

IMD4c
4
-0.6125 0.8765
2.9975 0.8765
2.9975 0.9005
-0.6125 0.9005
3.28

IMD4d1+IMD4d2
4
-0.6125 0.9005
2.9975 0.9005
2.9975 1.0275
-0.6125 1.0275
2.65

IMD5a
4
-0.6125 1.0275
2.9975 1.0275
2.9975 1.0485
-0.6125 1.0485
5.2

IMD5b
4
-0.6125 1.0485
2.9975 1.0485
2.9975 1.0635
-0.6125 1.0635
4.2

IMD5c
4
-0.6125 1.0635
2.9975 1.0635
2.9975 1.0875
-0.6125 1.0875
3.28

IMD5d1+IMD5d2
4
-0.6125 1.0875
2.9975 1.0875
2.9975 1.2145
-0.6125 1.2145
2.65

IMD6a
4
-0.6125 1.2145
2.9975 1.2145
2.9975 1.2355
-0.6125 1.2355
5.2

IMD6b
4
-0.6125 1.2355
2.9975 1.2355
2.9975 1.2505
-0.6125 1.2505
4.2

IMD6c
4
-0.6125 1.2505
2.9975 1.2505
2.9975 1.2745
-0.6125 1.2745
3.28

IMD6d1+IMD6d2
4
-0.6125 1.2745
2.9975 1.2745
2.9975 1.4015
-0.6125 1.4015
2.65

IMD7a
4
-0.6125 1.4015
2.9975 1.4015
2.9975 1.4765
-0.6125 1.4765
5.2

IMD7b1+IMD7b2
4
-0.6125 1.4765
2.9975 1.4765
2.9975 2.9765
-0.6125 2.9765
4.2

IMD8a
4
-0.6125 2.9765
2.9975 2.9765
2.9975 3.0515
-0.6125 3.0515
5.2

IMD8b1+IMD8b2
4
-0.6125 3.0515
2.9975 3.0515
2.9975 4.5515
-0.6125 4.5515
4.2

PASS1
4
-0.6125 4.5515
2.9975 4.5515
2.9975 4.6265
-0.6125 4.6265
7

PASS2
4
-0.6125 4.6265
2.9975 4.6265
2.9975 5.0265
-0.6125 5.0265
4.2

PASS3
4
-0.6125 5.0265
2.9975 5.0265
2.9975 5.1015
-0.6125 5.1015
7

PASS4+PASS5
4
-0.6125 5.1015
2.9975 5.1015
2.9975 6.0515
-0.6125 6.0515
4.2

PASS6
4
-0.6125 6.0515
2.9975 6.0515
2.9975 6.6515
-0.6125 6.6515
7

air_Layer
4
-0.6125 6.6515
2.9975 6.6515
2.9975 6.9395
-0.6125 6.9395
1


4
-0.6125 0.001
2.9975 0.001
2.9975 6.9395
-0.6125 6.9395

