c1
8
-0.06292 0.3705
0.06292 0.3705
0.065305 0.3955
0.066355 0.4065
0.07208 0.4665
-0.07208 0.4665
-0.066355 0.4065
-0.065305 0.3955

5
botleft
4
-1.0175 -0.001
0 -0.001
0 0.001
-1.0175 0.001

botright
4
0 -0.001
1.1975 -0.001
1.1975 0.001
0 0.001

lEnv
8
-0.51292 0.3705
-0.38708 0.3705
-0.384695 0.3955
-0.383645 0.4065
-0.37792 0.4665
-0.52208 0.4665
-0.516355 0.4065
-0.515305 0.3955

c2
8
0.11708 0.3705
0.24292 0.3705
0.245305 0.3955
0.246355 0.4065
0.25208 0.4665
0.10792 0.4665
0.113645 0.4065
0.114695 0.3955

rEnv
8
0.56708 0.3705
0.69292 0.3705
0.695305 0.3955
0.696355 0.4065
0.70208 0.4665
0.55792 0.4665
0.563645 0.4065
0.564695 0.3955


48
FOXA+FOXB+TOX
5
-1.0175 0.001
0 0.001
1.1975 0.001
1.1975 0.2665
-1.0175 0.2665
4

ILD1a
4
-1.0175 0.2665
1.1975 0.2665
1.1975 0.2765
-1.0175 0.2765
7

ILD1b1+ILD1b2
12
-1.0175 0.2765
1.1975 0.2765
1.1975 0.3705
0.69292 0.3705
0.56708 0.3705
0.24292 0.3705
0.11708 0.3705
0.06292 0.3705
-0.06292 0.3705
-0.38708 0.3705
-0.51292 0.3705
-1.0175 0.3705
4

ILD1b3
4
-1.0175 0.3705
-0.51292 0.3705
-0.515305 0.3955
-1.0175 0.3955
4

ILD1b3
4
-0.38708 0.3705
-0.06292 0.3705
-0.065305 0.3955
-0.384695 0.3955
4

ILD1b3
4
0.06292 0.3705
0.11708 0.3705
0.114695 0.3955
0.065305 0.3955
4

ILD1b3
4
0.24292 0.3705
0.56708 0.3705
0.564695 0.3955
0.245305 0.3955
4

ILD1b3
4
0.69292 0.3705
1.1975 0.3705
1.1975 0.3955
0.695305 0.3955
4

IMD1a
4
-1.0175 0.3955
-0.515305 0.3955
-0.516355 0.4065
-1.0175 0.4065
5.2

IMD1a
4
-0.384695 0.3955
-0.065305 0.3955
-0.066355 0.4065
-0.383645 0.4065
5.2

IMD1a
4
0.065305 0.3955
0.114695 0.3955
0.113645 0.4065
0.066355 0.4065
5.2

IMD1a
4
0.245305 0.3955
0.564695 0.3955
0.563645 0.4065
0.246355 0.4065
5.2

IMD1a
4
0.695305 0.3955
1.1975 0.3955
1.1975 0.4065
0.696355 0.4065
5.2

IMD1b
4
-1.0175 0.4065
-0.516355 0.4065
-0.52208 0.4665
-1.0175 0.4665
2.8

IMD1b
4
-0.383645 0.4065
-0.066355 0.4065
-0.07208 0.4665
-0.37792 0.4665
2.8

IMD1b
4
0.066355 0.4065
0.113645 0.4065
0.10792 0.4665
0.07208 0.4665
2.8

IMD1b
4
0.246355 0.4065
0.563645 0.4065
0.55792 0.4665
0.25208 0.4665
2.8

IMD1b
4
0.696355 0.4065
1.1975 0.4065
1.1975 0.4665
0.70208 0.4665
2.8

IMD2a
12
-1.0175 0.4665
-0.52208 0.4665
-0.37792 0.4665
-0.07208 0.4665
0.07208 0.4665
0.10792 0.4665
0.25208 0.4665
0.55792 0.4665
0.70208 0.4665
1.1975 0.4665
1.1975 0.4875
-1.0175 0.4875
5.2

IMD2b
4
-1.0175 0.4875
1.1975 0.4875
1.1975 0.5025
-1.0175 0.5025
4.2

IMD2c
4
-1.0175 0.5025
1.1975 0.5025
1.1975 0.5265
-1.0175 0.5265
3.28

IMD2d1+IMD2d2
4
-1.0175 0.5265
1.1975 0.5265
1.1975 0.6535
-1.0175 0.6535
2.65

IMD3a
4
-1.0175 0.6535
1.1975 0.6535
1.1975 0.6745
-1.0175 0.6745
5.2

IMD3b
4
-1.0175 0.6745
1.1975 0.6745
1.1975 0.6895
-1.0175 0.6895
4.2

IMD3c
4
-1.0175 0.6895
1.1975 0.6895
1.1975 0.7135
-1.0175 0.7135
3.28

IMD3d1+IMD3d2
4
-1.0175 0.7135
1.1975 0.7135
1.1975 0.8405
-1.0175 0.8405
2.65

IMD4a
4
-1.0175 0.8405
1.1975 0.8405
1.1975 0.8615
-1.0175 0.8615
5.2

IMD4b
4
-1.0175 0.8615
1.1975 0.8615
1.1975 0.8765
-1.0175 0.8765
4.2

IMD4c
4
-1.0175 0.8765
1.1975 0.8765
1.1975 0.9005
-1.0175 0.9005
3.28

IMD4d1+IMD4d2
4
-1.0175 0.9005
1.1975 0.9005
1.1975 1.0275
-1.0175 1.0275
2.65

IMD5a
4
-1.0175 1.0275
1.1975 1.0275
1.1975 1.0485
-1.0175 1.0485
5.2

IMD5b
4
-1.0175 1.0485
1.1975 1.0485
1.1975 1.0635
-1.0175 1.0635
4.2

IMD5c
4
-1.0175 1.0635
1.1975 1.0635
1.1975 1.0875
-1.0175 1.0875
3.28

IMD5d1+IMD5d2
4
-1.0175 1.0875
1.1975 1.0875
1.1975 1.2145
-1.0175 1.2145
2.65

IMD6a
4
-1.0175 1.2145
1.1975 1.2145
1.1975 1.2355
-1.0175 1.2355
5.2

IMD6b
4
-1.0175 1.2355
1.1975 1.2355
1.1975 1.2505
-1.0175 1.2505
4.2

IMD6c
4
-1.0175 1.2505
1.1975 1.2505
1.1975 1.2745
-1.0175 1.2745
3.28

IMD6d1+IMD6d2
4
-1.0175 1.2745
1.1975 1.2745
1.1975 1.4015
-1.0175 1.4015
2.65

IMD7a
4
-1.0175 1.4015
1.1975 1.4015
1.1975 1.4765
-1.0175 1.4765
5.2

IMD7b1+IMD7b2
4
-1.0175 1.4765
1.1975 1.4765
1.1975 2.9765
-1.0175 2.9765
4.2

IMD8a
4
-1.0175 2.9765
1.1975 2.9765
1.1975 3.0515
-1.0175 3.0515
5.2

IMD8b1+IMD8b2
4
-1.0175 3.0515
1.1975 3.0515
1.1975 4.5515
-1.0175 4.5515
4.2

PASS1
4
-1.0175 4.5515
1.1975 4.5515
1.1975 4.6265
-1.0175 4.6265
7

PASS2
4
-1.0175 4.6265
1.1975 4.6265
1.1975 5.0265
-1.0175 5.0265
4.2

PASS3
4
-1.0175 5.0265
1.1975 5.0265
1.1975 5.1015
-1.0175 5.1015
7

PASS4+PASS5
4
-1.0175 5.1015
1.1975 5.1015
1.1975 6.0515
-1.0175 6.0515
4.2

PASS6
4
-1.0175 6.0515
1.1975 6.0515
1.1975 6.6515
-1.0175 6.6515
7

air_Layer
4
-1.0175 6.6515
1.1975 6.6515
1.1975 7.0565
-1.0175 7.0565
1


4
-1.0175 0.001
1.1975 0.001
1.1975 7.0565
-1.0175 7.0565

