
    w1          w2        space     edgeSpace   |      c12         c1t         c1b        c1tb         c1e
0.04500000  0.04500000  0.02250000  0.04500000  |  -0.18486176 0.00000000  -0.00542692 0.00000000  -0.00947328 
0.04500000  0.04500000  0.02250000  0.31500000  |  -0.19412188 0.00000000  -0.00822901 0.00000000  -0.00620655 
0.04500000  0.04500000  0.02250000  4.50000000  |  -0.19517404 0.00000000  -0.01434082 0.00000000  0.00000000  
0.04500000  0.04500000  0.04050000  0.04500000  |  -0.11037752 0.00000000  -0.00596587 0.00000000  -0.00899535 
0.04500000  0.04500000  0.04050000  0.31500000  |  -0.11982213 0.00000000  -0.00871496 0.00000000  -0.00605408 
0.04500000  0.04500000  0.04050000  4.50000000  |  -0.12062307 0.00000000  -0.01487610 0.00000000  0.00000000  
0.04500000  0.04500000  0.04500000  0.04500000  |  -0.10088514 0.00000000  -0.00610460 0.00000000  -0.00890562 
0.04500000  0.04500000  0.04500000  0.31500000  |  -0.11037240 0.00000000  -0.00883466 0.00000000  -0.00601411 
0.04500000  0.04500000  0.04500000  4.50000000  |  -0.11136841 0.00000000  -0.01497876 0.00000000  0.00000000  
0.04500000  0.04500000  0.09000000  0.04500000  |  -0.05574645 0.00000000  -0.00737707 0.00000000  -0.00804547 
0.04500000  0.04500000  0.09000000  0.31500000  |  -0.06414746 0.00000000  -0.01005004 0.00000000  -0.00571217 
0.04500000  0.04500000  0.09000000  4.50000000  |  -0.06600794 0.00000000  -0.01603089 0.00000000  0.00000000  
0.04500000  0.04500000  0.13500000  0.04500000  |  -0.03893288 0.00000000  -0.00860904 0.00000000  -0.00735284 
0.04500000  0.04500000  0.13500000  0.31500000  |  -0.04606750 0.00000000  -0.01125656 0.00000000  -0.00540251 
0.04500000  0.04500000  0.13500000  4.50000000  |  -0.04775183 0.00000000  -0.01723514 0.00000000  0.00000000  
0.04500000  0.04500000  0.18000000  0.04500000  |  -0.02971351 0.00000000  -0.00976735 0.00000000  -0.00681964 
0.04500000  0.04500000  0.18000000  0.31500000  |  -0.03627091 0.00000000  -0.01248019 0.00000000  -0.00517491 
0.04500000  0.04500000  0.18000000  4.50000000  |  -0.03798802 0.00000000  -0.01834831 0.00000000  0.00000000  
0.04500000  0.04500000  0.22500000  0.04500000  |  -0.02392550 0.00000000  -0.01089134 0.00000000  -0.00628470 
0.04500000  0.04500000  0.22500000  0.31500000  |  -0.02972607 0.00000000  -0.01366156 0.00000000  -0.00496635 
0.04500000  0.04500000  0.22500000  4.50000000  |  -0.03148338 0.00000000  -0.01920316 0.00000000  0.00000000  
0.04500000  0.04500000  0.31500000  0.04500000  |  -0.01679056 0.00000000  -0.01300115 0.00000000  -0.00535645 
0.04500000  0.04500000  0.31500000  0.31500000  |  -0.02147733 0.00000000  -0.01575766 0.00000000  -0.00471536 
0.04500000  0.04500000  0.31500000  4.50000000  |  -0.02310665 0.00000000  -0.02129404 0.00000000  0.00000000  
0.04500000  0.04500000  0.45000000  0.04500000  |  -0.01119076 0.00000000  -0.01565907 0.00000000  -0.00431600 
0.04500000  0.04500000  0.45000000  0.31500000  |  -0.01490046 0.00000000  -0.01866210 0.00000000  -0.00390202 
0.04500000  0.04500000  0.45000000  4.50000000  |  -0.01552398 0.00000000  -0.02414713 0.00000000  0.00000000  
0.04500000  0.04500000  0.63000000  0.04500000  |  -0.00729274 0.00000000  -0.01841335 0.00000000  -0.00334187 
0.04500000  0.04500000  0.63000000  0.31500000  |  -0.00974570 0.00000000  -0.02186712 0.00000000  -0.00340232 
0.04500000  0.04500000  0.63000000  4.50000000  |  -0.01031522 0.00000000  -0.02685045 0.00000000  0.00000000  
0.04500000  0.04500000  0.81000000  0.04500000  |  -0.00512433 0.00000000  -0.02038501 0.00000000  -0.00280119 
0.04500000  0.04500000  0.81000000  0.31500000  |  -0.00705605 0.00000000  -0.02402355 0.00000000  -0.00305945 
0.04500000  0.04500000  0.81000000  4.50000000  |  -0.00763329 0.00000000  -0.02860204 0.00000000  0.00000000  
0.04500000  0.04500000  4.50000000  0.04500000  |  0.00000000  0.00000000  -0.02845798 0.00000000  0.00000000  
0.04500000  0.04500000  4.50000000  0.31500000  |  0.00000000  0.00000000  -0.03380466 0.00000000  0.00000000  
0.04500000  0.04500000  4.50000000  4.50000000  |  0.00000000  0.00000000  -0.03503925 0.00000000  0.00000000  
0.04500000  0.13500000  0.02250000  0.04500000  |  -0.19159253 0.00000000  -0.00451001 0.00000000  -0.00447994 
0.04500000  0.13500000  0.02250000  0.31500000  |  -0.19970743 0.00000000  -0.00699453 0.00000000  -0.00406573 
0.04500000  0.13500000  0.02250000  4.50000000  |  -0.19965731 0.00000000  -0.01165398 0.00000000  0.00000000  
0.04500000  0.13500000  0.04050000  0.04500000  |  -0.11645975 0.00000000  -0.00505019 0.00000000  -0.00452116 
0.04500000  0.13500000  0.04050000  0.31500000  |  -0.12413430 0.00000000  -0.00752628 0.00000000  -0.00409532 
0.04500000  0.13500000  0.04050000  4.50000000  |  -0.12602821 0.00000000  -0.01216363 0.00000000  0.00000000  
0.04500000  0.13500000  0.04500000  0.04500000  |  -0.10692162 0.00000000  -0.00518298 0.00000000  -0.00453502 
0.04500000  0.13500000  0.04500000  0.31500000  |  -0.11452930 0.00000000  -0.00767523 0.00000000  -0.00408501 
0.04500000  0.13500000  0.04500000  4.50000000  |  -0.11627896 0.00000000  -0.01232599 0.00000000  0.00000000  
0.04500000  0.13500000  0.09000000  0.04500000  |  -0.06079895 0.00000000  -0.00647481 0.00000000  -0.00462353 
0.04500000  0.13500000  0.09000000  0.31500000  |  -0.06772938 0.00000000  -0.00896529 0.00000000  -0.00411560 
0.04500000  0.13500000  0.09000000  4.50000000  |  -0.06935124 0.00000000  -0.01385028 0.00000000  0.00000000  
0.04500000  0.13500000  0.13500000  0.04500000  |  -0.04308633 0.00000000  -0.00773540 0.00000000  -0.00458138 
0.04500000  0.13500000  0.13500000  0.31500000  |  -0.04909679 0.00000000  -0.01024016 0.00000000  -0.00420364 
0.04500000  0.13500000  0.13500000  4.50000000  |  -0.05089230 0.00000000  -0.01507950 0.00000000  0.00000000  
0.04500000  0.13500000  0.18000000  0.04500000  |  -0.03350478 0.00000000  -0.00897244 0.00000000  -0.00443523 
0.04500000  0.13500000  0.18000000  0.31500000  |  -0.03901135 0.00000000  -0.01150078 0.00000000  -0.00413108 
0.04500000  0.13500000  0.18000000  4.50000000  |  -0.04057092 0.00000000  -0.01643255 0.00000000  0.00000000  
0.04500000  0.13500000  0.22500000  0.04500000  |  -0.02715991 0.00000000  -0.01013581 0.00000000  -0.00432961 
0.04500000  0.13500000  0.22500000  0.31500000  |  -0.03218497 0.00000000  -0.01277422 0.00000000  -0.00405709 
0.04500000  0.13500000  0.22500000  4.50000000  |  -0.03367441 0.00000000  -0.01760159 0.00000000  0.00000000  
0.04500000  0.13500000  0.31500000  0.04500000  |  -0.01948740 0.00000000  -0.01227137 0.00000000  -0.00400453 
0.04500000  0.13500000  0.31500000  0.31500000  |  -0.02343426 0.00000000  -0.01502562 0.00000000  -0.00393483 
0.04500000  0.13500000  0.31500000  4.50000000  |  -0.02468209 0.00000000  -0.02000011 0.00000000  0.00000000  
0.04500000  0.13500000  0.45000000  0.04500000  |  -0.01300742 0.00000000  -0.01510368 0.00000000  -0.00348279 
0.04500000  0.13500000  0.45000000  0.31500000  |  -0.01612613 0.00000000  -0.01819531 0.00000000  -0.00354744 
0.04500000  0.13500000  0.45000000  4.50000000  |  -0.01693309 0.00000000  -0.02291525 0.00000000  0.00000000  
0.04500000  0.13500000  0.63000000  0.04500000  |  -0.00853078 0.00000000  -0.01790223 0.00000000  -0.00300877 
0.04500000  0.13500000  0.63000000  0.31500000  |  -0.01075851 0.00000000  -0.02143138 0.00000000  -0.00313755 
0.04500000  0.13500000  0.63000000  4.50000000  |  -0.01146239 0.00000000  -0.02601691 0.00000000  0.00000000  
0.04500000  0.13500000  0.81000000  0.04500000  |  -0.00598083 0.00000000  -0.02001865 0.00000000  -0.00262709 
0.04500000  0.13500000  0.81000000  0.31500000  |  -0.00771328 0.00000000  -0.02374158 0.00000000  -0.00280366 
0.04500000  0.13500000  0.81000000  4.50000000  |  -0.00804939 0.00000000  -0.02820709 0.00000000  0.00000000  
0.04500000  0.13500000  4.50000000  0.04500000  |  0.00000000  0.00000000  -0.02840236 0.00000000  0.00000000  
0.04500000  0.13500000  4.50000000  0.31500000  |  0.00000000  0.00000000  -0.03395339 0.00000000  0.00000000  
0.04500000  0.13500000  4.50000000  4.50000000  |  0.00000000  0.00000000  -0.03495324 0.00000000  0.00000000  
0.04500000  0.90000000  0.02250000  0.04500000  |  -0.19574261 0.00000000  -0.00387283 0.00000000  -0.00101452 
0.04500000  0.90000000  0.02250000  0.31500000  |  -0.20382995 0.00000000  -0.00598882 0.00000000  -0.00153423 
0.04500000  0.90000000  0.02250000  4.50000000  |  -0.20593332 0.00000000  -0.00822280 0.00000000  0.00000000  
0.04500000  0.90000000  0.04050000  0.04500000  |  -0.12106252 0.00000000  -0.00436713 0.00000000  -0.00110363 
0.04500000  0.90000000  0.04050000  0.31500000  |  -0.12894916 0.00000000  -0.00652693 0.00000000  -0.00160465 
0.04500000  0.90000000  0.04050000  4.50000000  |  -0.13019549 0.00000000  -0.00885647 0.00000000  0.00000000  
0.04500000  0.90000000  0.04500000  0.04500000  |  -0.11161929 0.00000000  -0.00449081 0.00000000  -0.00112488 
0.04500000  0.90000000  0.04500000  0.31500000  |  -0.11929853 0.00000000  -0.00666316 0.00000000  -0.00162178 
0.04500000  0.90000000  0.04500000  4.50000000  |  -0.12064676 0.00000000  -0.00901184 0.00000000  0.00000000  
0.04500000  0.90000000  0.09000000  0.04500000  |  -0.06530392 0.00000000  -0.00575737 0.00000000  -0.00132580 
0.04500000  0.90000000  0.09000000  0.31500000  |  -0.07208103 0.00000000  -0.00798545 0.00000000  -0.00179405 
0.04500000  0.90000000  0.09000000  4.50000000  |  -0.07310233 0.00000000  -0.01043717 0.00000000  0.00000000  
0.04500000  0.90000000  0.13500000  0.04500000  |  -0.04773963 0.00000000  -0.00698188 0.00000000  -0.00148148 
0.04500000  0.90000000  0.13500000  0.31500000  |  -0.05335732 0.00000000  -0.00933604 0.00000000  -0.00191648 
0.04500000  0.90000000  0.13500000  4.50000000  |  -0.05479829 0.00000000  -0.01193884 0.00000000  0.00000000  
0.04500000  0.90000000  0.18000000  0.04500000  |  -0.03773970 0.00000000  -0.00817975 0.00000000  -0.00162894 
0.04500000  0.90000000  0.18000000  0.31500000  |  -0.04293041 0.00000000  -0.01064018 0.00000000  -0.00202732 
0.04500000  0.90000000  0.18000000  4.50000000  |  -0.04430167 0.00000000  -0.01332948 0.00000000  0.00000000  
0.04500000  0.90000000  0.22500000  0.04500000  |  -0.03140198 0.00000000  -0.00934059 0.00000000  -0.00173442 
0.04500000  0.90000000  0.22500000  0.31500000  |  -0.03582970 0.00000000  -0.01192123 0.00000000  -0.00212698 
0.04500000  0.90000000  0.22500000  4.50000000  |  -0.03706412 0.00000000  -0.01472094 0.00000000  0.00000000  
0.04500000  0.90000000  0.31500000  0.04500000  |  -0.02316221 0.00000000  -0.01151250 0.00000000  -0.00189752 
0.04500000  0.90000000  0.31500000  0.31500000  |  -0.02677309 0.00000000  -0.01432203 0.00000000  -0.00223387 
0.04500000  0.90000000  0.31500000  4.50000000  |  -0.02790409 0.00000000  -0.01731375 0.00000000  0.00000000  
0.04500000  0.90000000  0.45000000  0.04500000  |  -0.01627513 0.00000000  -0.01428981 0.00000000  -0.00205635 
0.04500000  0.90000000  0.45000000  0.31500000  |  -0.01911433 0.00000000  -0.01748020 0.00000000  -0.00232809 
0.04500000  0.90000000  0.45000000  4.50000000  |  -0.01965048 0.00000000  -0.02067373 0.00000000  0.00000000  
0.04500000  0.90000000  0.63000000  0.04500000  |  -0.01113571 0.00000000  -0.01709637 0.00000000  -0.00210341 
0.04500000  0.90000000  0.63000000  0.31500000  |  -0.01324518 0.00000000  -0.02065141 0.00000000  -0.00236174 
0.04500000  0.90000000  0.63000000  4.50000000  |  -0.01391157 0.00000000  -0.02391282 0.00000000  0.00000000  
0.04500000  0.90000000  0.81000000  0.04500000  |  -0.00825789 0.00000000  -0.01917480 0.00000000  -0.00193387 
0.04500000  0.90000000  0.81000000  0.31500000  |  -0.00977042 0.00000000  -0.02306739 0.00000000  -0.00234680 
0.04500000  0.90000000  0.81000000  4.50000000  |  -0.00992355 0.00000000  -0.02649324 0.00000000  0.00000000  
0.04500000  0.90000000  4.50000000  0.04500000  |  0.00000000  0.00000000  -0.02846669 0.00000000  0.00000000  
0.04500000  0.90000000  4.50000000  0.31500000  |  0.00000000  0.00000000  -0.03406698 0.00000000  0.00000000  
0.04500000  0.90000000  4.50000000  4.50000000  |  0.00000000  0.00000000  -0.03497833 0.00000000  0.00000000  
0.13500000  0.04500000  0.02250000  0.04500000  |  -0.19074900 0.00000000  -0.01055375 0.00000000  -0.01332271 
0.13500000  0.04500000  0.02250000  0.31500000  |  -0.19878389 0.00000000  -0.01282905 0.00000000  -0.00809965 
0.13500000  0.04500000  0.02250000  4.50000000  |  -0.19962053 0.00000000  -0.02063751 0.00000000  0.00000000  
0.13500000  0.04500000  0.04050000  0.04500000  |  -0.11635076 0.00000000  -0.01105947 0.00000000  -0.01242909 
0.13500000  0.04500000  0.04050000  0.31500000  |  -0.12429649 0.00000000  -0.01331484 0.00000000  -0.00763650 
0.13500000  0.04500000  0.04050000  4.50000000  |  -0.12619029 0.00000000  -0.02092325 0.00000000  0.00000000  
0.13500000  0.04500000  0.04500000  0.04500000  |  -0.10682852 0.00000000  -0.01120329 0.00000000  -0.01221002 
0.13500000  0.04500000  0.04500000  0.31500000  |  -0.11472243 0.00000000  -0.01344338 0.00000000  -0.00756826 
0.13500000  0.04500000  0.04500000  4.50000000  |  -0.11556901 0.00000000  -0.02094691 0.00000000  0.00000000  
0.13500000  0.04500000  0.09000000  0.04500000  |  -0.06075425 0.00000000  -0.01251632 0.00000000  -0.01053923 
0.13500000  0.04500000  0.09000000  0.31500000  |  -0.06770128 0.00000000  -0.01463069 0.00000000  -0.00704441 
0.13500000  0.04500000  0.09000000  4.50000000  |  -0.06957947 0.00000000  -0.02195204 0.00000000  0.00000000  
0.13500000  0.04500000  0.13500000  0.04500000  |  -0.04303649 0.00000000  -0.01385599 0.00000000  -0.00935131 
0.13500000  0.04500000  0.13500000  0.31500000  |  -0.04932188 0.00000000  -0.01590080 0.00000000  -0.00652559 
0.13500000  0.04500000  0.13500000  4.50000000  |  -0.05094927 0.00000000  -0.02292127 0.00000000  0.00000000  
0.13500000  0.04500000  0.18000000  0.04500000  |  -0.03333975 0.00000000  -0.01518594 0.00000000  -0.00839418 
0.13500000  0.04500000  0.18000000  0.31500000  |  -0.03865548 0.00000000  -0.01725453 0.00000000  -0.00618868 
0.13500000  0.04500000  0.18000000  4.50000000  |  -0.04030163 0.00000000  -0.02408772 0.00000000  0.00000000  
0.13500000  0.04500000  0.22500000  0.04500000  |  -0.02710066 0.00000000  -0.01645403 0.00000000  -0.00762629 
0.13500000  0.04500000  0.22500000  0.31500000  |  -0.03197963 0.00000000  -0.01857163 0.00000000  -0.00579622 
0.13500000  0.04500000  0.22500000  4.50000000  |  -0.03367103 0.00000000  -0.02501126 0.00000000  0.00000000  
0.13500000  0.04500000  0.31500000  0.04500000  |  -0.01931102 0.00000000  -0.01889447 0.00000000  -0.00642977 
0.13500000  0.04500000  0.31500000  0.31500000  |  -0.02356070 0.00000000  -0.02096188 0.00000000  -0.00517843 
0.13500000  0.04500000  0.31500000  4.50000000  |  -0.02469871 0.00000000  -0.02724638 0.00000000  0.00000000  
0.13500000  0.04500000  0.45000000  0.04500000  |  -0.01302027 0.00000000  -0.02193959 0.00000000  -0.00513694 
0.13500000  0.04500000  0.45000000  0.31500000  |  -0.01610638 0.00000000  -0.02413735 0.00000000  -0.00462757 
0.13500000  0.04500000  0.45000000  4.50000000  |  -0.01711523 0.00000000  -0.02999480 0.00000000  0.00000000  
0.13500000  0.04500000  0.63000000  0.04500000  |  -0.00841441 0.00000000  -0.02511639 0.00000000  -0.00413006 
0.13500000  0.04500000  0.63000000  0.31500000  |  -0.01099527 0.00000000  -0.02736999 0.00000000  -0.00403184 
0.13500000  0.04500000  0.63000000  4.50000000  |  -0.01145863 0.00000000  -0.03303155 0.00000000  0.00000000  
0.13500000  0.04500000  0.81000000  0.04500000  |  -0.00596421 0.00000000  -0.02755232 0.00000000  -0.00327532 
0.13500000  0.04500000  0.81000000  0.31500000  |  -0.00800136 0.00000000  -0.02997112 0.00000000  -0.00346361 
0.13500000  0.04500000  0.81000000  4.50000000  |  -0.00820387 0.00000000  -0.03513554 0.00000000  0.00000000  
0.13500000  0.04500000  4.50000000  0.04500000  |  0.00000000  0.00000000  -0.03693667 0.00000000  0.00000000  
0.13500000  0.04500000  4.50000000  0.31500000  |  0.00000000  0.00000000  -0.04102196 0.00000000  0.00000000  
0.13500000  0.04500000  4.50000000  4.50000000  |  0.00000000  0.00000000  -0.04197227 0.00000000  0.00000000  
0.13500000  0.13500000  0.02250000  0.04500000  |  -0.20007579 0.00000000  -0.00913153 0.00000000  -0.00698539 
0.13500000  0.13500000  0.02250000  0.31500000  |  -0.20413763 0.00000000  -0.01130580 0.00000000  -0.00543467 
0.13500000  0.13500000  0.02250000  4.50000000  |  -0.20607518 0.00000000  -0.01726976 0.00000000  0.00000000  
0.13500000  0.13500000  0.04050000  0.04500000  |  -0.12473007 0.00000000  -0.00971124 0.00000000  -0.00674765 
0.13500000  0.13500000  0.04050000  0.31500000  |  -0.12987761 0.00000000  -0.01190257 0.00000000  -0.00528978 
0.13500000  0.13500000  0.04050000  4.50000000  |  -0.12991897 0.00000000  -0.01772939 0.00000000  0.00000000  
0.13500000  0.13500000  0.04500000  0.04500000  |  -0.11483324 0.00000000  -0.00985859 0.00000000  -0.00670314 
0.13500000  0.13500000  0.04500000  0.31500000  |  -0.11985079 0.00000000  -0.01197729 0.00000000  -0.00541908 
0.13500000  0.13500000  0.04500000  4.50000000  |  -0.12040670 0.00000000  -0.01784437 0.00000000  0.00000000  
0.13500000  0.13500000  0.09000000  0.04500000  |  -0.06701673 0.00000000  -0.01132752 0.00000000  -0.00632961 
0.13500000  0.13500000  0.09000000  0.31500000  |  -0.07194849 0.00000000  -0.01340595 0.00000000  -0.00528221 
0.13500000  0.13500000  0.09000000  4.50000000  |  -0.07326973 0.00000000  -0.01917417 0.00000000  0.00000000  
0.13500000  0.13500000  0.13500000  0.04500000  |  -0.04845817 0.00000000  -0.01273457 0.00000000  -0.00600886 
0.13500000  0.13500000  0.13500000  0.31500000  |  -0.05280632 0.00000000  -0.01482073 0.00000000  -0.00515533 
0.13500000  0.13500000  0.13500000  4.50000000  |  -0.05457564 0.00000000  -0.02060150 0.00000000  0.00000000  
0.13500000  0.13500000  0.18000000  0.04500000  |  -0.03802652 0.00000000  -0.01416352 0.00000000  -0.00566928 
0.13500000  0.13500000  0.18000000  0.31500000  |  -0.04209469 0.00000000  -0.01619949 0.00000000  -0.00496074 
0.13500000  0.13500000  0.18000000  4.50000000  |  -0.04328084 0.00000000  -0.02206500 0.00000000  0.00000000  
0.13500000  0.13500000  0.22500000  0.04500000  |  -0.03112797 0.00000000  -0.01552736 0.00000000  -0.00535548 
0.13500000  0.13500000  0.22500000  0.31500000  |  -0.03475835 0.00000000  -0.01757085 0.00000000  -0.00484086 
0.13500000  0.13500000  0.22500000  4.50000000  |  -0.03583646 0.00000000  -0.02327428 0.00000000  0.00000000  
0.13500000  0.13500000  0.31500000  0.04500000  |  -0.02254512 0.00000000  -0.01804549 0.00000000  -0.00482699 
0.13500000  0.13500000  0.31500000  0.31500000  |  -0.02569895 0.00000000  -0.02024449 0.00000000  -0.00450462 
0.13500000  0.13500000  0.31500000  4.50000000  |  -0.02676430 0.00000000  -0.02555142 0.00000000  0.00000000  
0.13500000  0.13500000  0.45000000  0.04500000  |  -0.01531235 0.00000000  -0.02121774 0.00000000  -0.00425430 
0.13500000  0.13500000  0.45000000  0.31500000  |  -0.01787727 0.00000000  -0.02358919 0.00000000  -0.00401709 
0.13500000  0.13500000  0.45000000  4.50000000  |  -0.01876395 0.00000000  -0.02864092 0.00000000  0.00000000  
0.13500000  0.13500000  0.63000000  0.04500000  |  -0.01000103 0.00000000  -0.02452368 0.00000000  -0.00370879 
0.13500000  0.13500000  0.63000000  0.31500000  |  -0.01201661 0.00000000  -0.02710864 0.00000000  -0.00359826 
0.13500000  0.13500000  0.63000000  4.50000000  |  -0.01267364 0.00000000  -0.03194247 0.00000000  0.00000000  
0.13500000  0.13500000  0.81000000  0.04500000  |  -0.00707472 0.00000000  -0.02704725 0.00000000  -0.00313591 
0.13500000  0.13500000  0.81000000  0.31500000  |  -0.00869018 0.00000000  -0.02974453 0.00000000  -0.00322343 
0.13500000  0.13500000  0.81000000  4.50000000  |  -0.00929071 0.00000000  -0.03407864 0.00000000  0.00000000  
0.13500000  0.13500000  4.50000000  0.04500000  |  0.00000000  0.00000000  -0.03697968 0.00000000  0.00000000  
0.13500000  0.13500000  4.50000000  0.31500000  |  0.00000000  0.00000000  -0.04105959 0.00000000  0.00000000  
0.13500000  0.13500000  4.50000000  4.50000000  |  0.00000000  0.00000000  -0.04176568 0.00000000  0.00000000  
0.13500000  0.90000000  0.02250000  0.04500000  |  -0.20724568 0.00000000  -0.00813488 0.00000000  -0.00167809 
0.13500000  0.90000000  0.02250000  0.31500000  |  -0.21188692 0.00000000  -0.00999254 0.00000000  -0.00218522 
0.13500000  0.90000000  0.02250000  4.50000000  |  -0.21186528 0.00000000  -0.01291412 0.00000000  0.00000000  
0.13500000  0.90000000  0.04050000  0.04500000  |  -0.13102546 0.00000000  -0.00872901 0.00000000  -0.00173724 
0.13500000  0.90000000  0.04050000  0.31500000  |  -0.13523995 0.00000000  -0.01057966 0.00000000  -0.00223240 
0.13500000  0.90000000  0.04050000  4.50000000  |  -0.13470247 0.00000000  -0.01348725 0.00000000  0.00000000  
0.13500000  0.90000000  0.04500000  0.04500000  |  -0.12142423 0.00000000  -0.00887678 0.00000000  -0.00175255 
0.13500000  0.90000000  0.04500000  0.31500000  |  -0.12530363 0.00000000  -0.01072487 0.00000000  -0.00224896 
0.13500000  0.90000000  0.04500000  4.50000000  |  -0.12716898 0.00000000  -0.01372448 0.00000000  0.00000000  
0.13500000  0.90000000  0.09000000  0.04500000  |  -0.07357214 0.00000000  -0.01030484 0.00000000  -0.00198427 
0.13500000  0.90000000  0.09000000  0.31500000  |  -0.07702085 0.00000000  -0.01224843 0.00000000  -0.00235419 
0.13500000  0.90000000  0.09000000  4.50000000  |  -0.07803018 0.00000000  -0.01523368 0.00000000  0.00000000  
0.13500000  0.90000000  0.13500000  0.04500000  |  -0.05454868 0.00000000  -0.01176412 0.00000000  -0.00197839 
0.13500000  0.90000000  0.13500000  0.31500000  |  -0.05808215 0.00000000  -0.01372749 0.00000000  -0.00245952 
0.13500000  0.90000000  0.13500000  4.50000000  |  -0.05914261 0.00000000  -0.01691233 0.00000000  0.00000000  
0.13500000  0.90000000  0.18000000  0.04500000  |  -0.04352415 0.00000000  -0.01318030 0.00000000  -0.00225917 
0.13500000  0.90000000  0.18000000  0.31500000  |  -0.04656181 0.00000000  -0.01518847 0.00000000  -0.00253415 
0.13500000  0.90000000  0.18000000  4.50000000  |  -0.04784692 0.00000000  -0.01839498 0.00000000  0.00000000  
0.13500000  0.90000000  0.22500000  0.04500000  |  -0.03624663 0.00000000  -0.01454877 0.00000000  -0.00235629 
0.13500000  0.90000000  0.22500000  0.31500000  |  -0.03926906 0.00000000  -0.01657178 0.00000000  -0.00262995 
0.13500000  0.90000000  0.22500000  4.50000000  |  -0.04031103 0.00000000  -0.01987472 0.00000000  0.00000000  
0.13500000  0.90000000  0.31500000  0.04500000  |  -0.02697265 0.00000000  -0.01705995 0.00000000  -0.00249269 
0.13500000  0.90000000  0.31500000  0.31500000  |  -0.02979921 0.00000000  -0.01916069 0.00000000  -0.00268282 
0.13500000  0.90000000  0.31500000  4.50000000  |  -0.03018887 0.00000000  -0.02261766 0.00000000  0.00000000  
0.13500000  0.90000000  0.45000000  0.04500000  |  -0.01907426 0.00000000  -0.02034133 0.00000000  -0.00259364 
0.13500000  0.90000000  0.45000000  0.31500000  |  -0.02124922 0.00000000  -0.02265995 0.00000000  -0.00276184 
0.13500000  0.90000000  0.45000000  4.50000000  |  -0.02183122 0.00000000  -0.02617154 0.00000000  0.00000000  
0.13500000  0.90000000  0.63000000  0.04500000  |  -0.01313540 0.00000000  -0.02369021 0.00000000  -0.00242941 
0.13500000  0.90000000  0.63000000  0.31500000  |  -0.01474400 0.00000000  -0.02625128 0.00000000  -0.00277687 
0.13500000  0.90000000  0.63000000  4.50000000  |  -0.01502678 0.00000000  -0.02991947 0.00000000  0.00000000  
0.13500000  0.90000000  0.81000000  0.04500000  |  -0.00963724 0.00000000  -0.02619893 0.00000000  -0.00237390 
0.13500000  0.90000000  0.81000000  0.31500000  |  -0.01108020 0.00000000  -0.02893673 0.00000000  -0.00273507 
0.13500000  0.90000000  0.81000000  4.50000000  |  -0.01126846 0.00000000  -0.03236014 0.00000000  0.00000000  
0.13500000  0.90000000  4.50000000  0.04500000  |  0.00000000  0.00000000  -0.03720166 0.00000000  0.00000000  
0.13500000  0.90000000  4.50000000  0.31500000  |  0.00000000  0.00000000  -0.04135338 0.00000000  0.00000000  
0.13500000  0.90000000  4.50000000  4.50000000  |  0.00000000  0.00000000  -0.04197214 0.00000000  0.00000000  
0.90000000  0.04500000  0.02250000  0.04500000  |  -0.19340773 0.00000000  -0.04946886 0.00000000  -0.01926195 
0.90000000  0.04500000  0.02250000  0.31500000  |  -0.20286215 0.00000000  -0.04950682 0.00000000  -0.01189741 
0.90000000  0.04500000  0.02250000  4.50000000  |  -0.20202576 0.00000000  -0.06238215 0.00000000  0.00000000  
0.90000000  0.04500000  0.04050000  0.04500000  |  -0.12039554 0.00000000  -0.05013303 0.00000000  -0.01781455 
0.90000000  0.04500000  0.04050000  0.31500000  |  -0.12753948 0.00000000  -0.05001681 0.00000000  -0.01124800 
0.90000000  0.04500000  0.04050000  4.50000000  |  -0.12739653 0.00000000  -0.06264846 0.00000000  0.00000000  
0.90000000  0.04500000  0.04500000  0.04500000  |  -0.11104970 0.00000000  -0.05028651 0.00000000  -0.01751096 
0.90000000  0.04500000  0.04500000  0.31500000  |  -0.11733997 0.00000000  -0.04996223 0.00000000  -0.01174550 
0.90000000  0.04500000  0.04500000  4.50000000  |  -0.11871902 0.00000000  -0.06218819 0.00000000  0.00000000  
0.90000000  0.04500000  0.09000000  0.04500000  |  -0.06397130 0.00000000  -0.05180576 0.00000000  -0.01529010 
0.90000000  0.04500000  0.09000000  0.31500000  |  -0.07240775 0.00000000  -0.05160530 0.00000000  -0.01060440 
0.90000000  0.04500000  0.09000000  4.50000000  |  -0.07407428 0.00000000  -0.06336672 0.00000000  0.00000000  
0.90000000  0.04500000  0.13500000  0.04500000  |  -0.04760477 0.00000000  -0.05357467 0.00000000  -0.01330158 
0.90000000  0.04500000  0.13500000  0.31500000  |  -0.05281376 0.00000000  -0.05323971 0.00000000  -0.00969428 
0.90000000  0.04500000  0.13500000  4.50000000  |  -0.05540405 0.00000000  -0.06449812 0.00000000  0.00000000  
0.90000000  0.04500000  0.18000000  0.04500000  |  -0.03779819 0.00000000  -0.05508560 0.00000000  -0.01209876 
0.90000000  0.04500000  0.18000000  0.31500000  |  -0.04266758 0.00000000  -0.05476517 0.00000000  -0.00917801 
0.90000000  0.04500000  0.18000000  4.50000000  |  -0.04592089 0.00000000  -0.06480412 0.00000000  0.00000000  
0.90000000  0.04500000  0.22500000  0.04500000  |  -0.03099056 0.00000000  -0.05666139 0.00000000  -0.01105501 
0.90000000  0.04500000  0.22500000  0.31500000  |  -0.03609918 0.00000000  -0.05619477 0.00000000  -0.00872732 
0.90000000  0.04500000  0.22500000  4.50000000  |  -0.03746563 0.00000000  -0.06691273 0.00000000  0.00000000  
0.90000000  0.04500000  0.31500000  0.04500000  |  -0.02285873 0.00000000  -0.05947088 0.00000000  -0.00948312 
0.90000000  0.04500000  0.31500000  0.31500000  |  -0.02702167 0.00000000  -0.05936552 0.00000000  -0.00762758 
0.90000000  0.04500000  0.31500000  4.50000000  |  -0.02816061 0.00000000  -0.06922726 0.00000000  0.00000000  
0.90000000  0.04500000  0.45000000  0.04500000  |  -0.01628405 0.00000000  -0.06320234 0.00000000  -0.00750616 
0.90000000  0.04500000  0.45000000  0.31500000  |  -0.01959241 0.00000000  -0.06283660 0.00000000  -0.00687820 
0.90000000  0.04500000  0.45000000  4.50000000  |  -0.02058527 0.00000000  -0.07166470 0.00000000  0.00000000  
0.90000000  0.04500000  0.63000000  0.04500000  |  -0.01151401 0.00000000  -0.06669306 0.00000000  -0.00611598 
0.90000000  0.04500000  0.63000000  0.31500000  |  -0.01321617 0.00000000  -0.06691098 0.00000000  -0.00601498 
0.90000000  0.04500000  0.63000000  4.50000000  |  -0.01453833 0.00000000  -0.07489641 0.00000000  0.00000000  
0.90000000  0.04500000  0.81000000  0.04500000  |  -0.00817371 0.00000000  -0.07039828 0.00000000  -0.00485208 
0.90000000  0.04500000  0.81000000  0.31500000  |  -0.00996032 0.00000000  -0.07003487 0.00000000  -0.00509432 
0.90000000  0.04500000  0.81000000  4.50000000  |  -0.01134524 0.00000000  -0.07645198 0.00000000  0.00000000  
0.90000000  0.04500000  4.50000000  0.04500000  |  0.00000000  0.00000000  -0.08537979 0.00000000  0.00000000  
0.90000000  0.04500000  4.50000000  0.31500000  |  0.00000000  0.00000000  -0.08582518 0.00000000  0.00000000  
0.90000000  0.04500000  4.50000000  4.50000000  |  0.00000000  0.00000000  -0.08661745 0.00000000  0.00000000  
0.90000000  0.13500000  0.02250000  0.04500000  |  -0.20635355 0.00000000  -0.04723057 0.00000000  -0.01219144 
0.90000000  0.13500000  0.02250000  0.31500000  |  -0.21033916 0.00000000  -0.04752290 0.00000000  -0.00917205 
0.90000000  0.13500000  0.02250000  4.50000000  |  -0.20682807 0.00000000  -0.05791960 0.00000000  0.00000000  
0.90000000  0.13500000  0.04050000  0.04500000  |  -0.12931527 0.00000000  -0.04808001 0.00000000  -0.01159103 
0.90000000  0.13500000  0.04050000  0.31500000  |  -0.13424101 0.00000000  -0.04816978 0.00000000  -0.00913516 
0.90000000  0.13500000  0.04050000  4.50000000  |  -0.13392145 0.00000000  -0.05811571 0.00000000  0.00000000  
0.90000000  0.13500000  0.04500000  0.04500000  |  -0.12097226 0.00000000  -0.04823846 0.00000000  -0.01178283 
0.90000000  0.13500000  0.04500000  0.31500000  |  -0.12581271 0.00000000  -0.04845314 0.00000000  -0.00890975 
0.90000000  0.13500000  0.04500000  4.50000000  |  -0.12532755 0.00000000  -0.05828032 0.00000000  0.00000000  
0.90000000  0.13500000  0.09000000  0.04500000  |  -0.07317929 0.00000000  -0.05021750 0.00000000  -0.01054974 
0.90000000  0.13500000  0.09000000  0.31500000  |  -0.07700157 0.00000000  -0.05021989 0.00000000  -0.00840752 
0.90000000  0.13500000  0.09000000  4.50000000  |  -0.07821265 0.00000000  -0.06006295 0.00000000  0.00000000  
0.90000000  0.13500000  0.13500000  0.04500000  |  -0.05425895 0.00000000  -0.05197910 0.00000000  -0.00995167 
0.90000000  0.13500000  0.13500000  0.31500000  |  -0.05791958 0.00000000  -0.05191695 0.00000000  -0.00797724 
0.90000000  0.13500000  0.13500000  4.50000000  |  -0.05837156 0.00000000  -0.06124045 0.00000000  0.00000000  
0.90000000  0.13500000  0.18000000  0.04500000  |  -0.04331993 0.00000000  -0.05375524 0.00000000  -0.00917817 
0.90000000  0.13500000  0.18000000  0.31500000  |  -0.04683951 0.00000000  -0.05355832 0.00000000  -0.00780987 
0.90000000  0.13500000  0.18000000  4.50000000  |  -0.04834123 0.00000000  -0.06283634 0.00000000  0.00000000  
0.90000000  0.13500000  0.22500000  0.04500000  |  -0.03650375 0.00000000  -0.05535933 0.00000000  -0.00866949 
0.90000000  0.13500000  0.22500000  0.31500000  |  -0.03975077 0.00000000  -0.05526336 0.00000000  -0.00744600 
0.90000000  0.13500000  0.22500000  4.50000000  |  -0.04060930 0.00000000  -0.06468186 0.00000000  0.00000000  
0.90000000  0.13500000  0.31500000  0.04500000  |  -0.02707709 0.00000000  -0.05842117 0.00000000  -0.00773629 
0.90000000  0.13500000  0.31500000  0.31500000  |  -0.02975598 0.00000000  -0.05837922 0.00000000  -0.00694528 
0.90000000  0.13500000  0.31500000  4.50000000  |  -0.03140872 0.00000000  -0.06637722 0.00000000  0.00000000  
0.90000000  0.13500000  0.45000000  0.04500000  |  -0.01920204 0.00000000  -0.06208377 0.00000000  -0.00671865 
0.90000000  0.13500000  0.45000000  0.31500000  |  -0.02128868 0.00000000  -0.06225911 0.00000000  -0.00629889 
0.90000000  0.13500000  0.45000000  4.50000000  |  -0.02213062 0.00000000  -0.07049808 0.00000000  0.00000000  
0.90000000  0.13500000  0.63000000  0.04500000  |  -0.01315661 0.00000000  -0.06651658 0.00000000  -0.00560054 
0.90000000  0.13500000  0.63000000  0.31500000  |  -0.01486628 0.00000000  -0.06639588 0.00000000  -0.00553310 
0.90000000  0.13500000  0.63000000  4.50000000  |  -0.01617297 0.00000000  -0.07368401 0.00000000  0.00000000  
0.90000000  0.13500000  0.81000000  0.04500000  |  -0.00962785 0.00000000  -0.06968424 0.00000000  -0.00490390 
0.90000000  0.13500000  0.81000000  0.31500000  |  -0.01107132 0.00000000  -0.06953669 0.00000000  -0.00525403 
0.90000000  0.13500000  0.81000000  4.50000000  |  -0.01209120 0.00000000  -0.07608450 0.00000000  0.00000000  
0.90000000  0.13500000  4.50000000  0.04500000  |  0.00000000  0.00000000  -0.08558639 0.00000000  0.00000000  
0.90000000  0.13500000  4.50000000  0.31500000  |  0.00000000  0.00000000  -0.08591329 0.00000000  0.00000000  
0.90000000  0.13500000  4.50000000  4.50000000  |  0.00000000  0.00000000  -0.08655296 0.00000000  0.00000000  
0.90000000  0.90000000  0.02250000  0.04500000  |  -0.21701912 0.00000000  -0.04524222 0.00000000  -0.00502875 
0.90000000  0.90000000  0.02250000  0.31500000  |  -0.21906360 0.00000000  -0.04539306 0.00000000  -0.00518722 
0.90000000  0.90000000  0.02250000  4.50000000  |  -0.21726008 0.00000000  -0.05116451 0.00000000  0.00000000  
0.90000000  0.90000000  0.04050000  0.04500000  |  -0.14125617 0.00000000  -0.04609655 0.00000000  -0.00522320 
0.90000000  0.90000000  0.04050000  0.31500000  |  -0.14352692 0.00000000  -0.04616759 0.00000000  -0.00513750 
0.90000000  0.90000000  0.04050000  4.50000000  |  -0.14308882 0.00000000  -0.05220080 0.00000000  0.00000000  
0.90000000  0.90000000  0.04500000  0.04500000  |  -0.13110022 0.00000000  -0.04629339 0.00000000  -0.00522502 
0.90000000  0.90000000  0.04500000  0.31500000  |  -0.13453077 0.00000000  -0.04642869 0.00000000  -0.00518028 
0.90000000  0.90000000  0.04500000  4.50000000  |  -0.13330867 0.00000000  -0.05240069 0.00000000  0.00000000  
0.90000000  0.90000000  0.09000000  0.04500000  |  -0.08461419 0.00000000  -0.04831046 0.00000000  -0.00519203 
0.90000000  0.90000000  0.09000000  0.31500000  |  -0.08522129 0.00000000  -0.04841258 0.00000000  -0.00516569 
0.90000000  0.90000000  0.09000000  4.50000000  |  -0.08422858 0.00000000  -0.05430262 0.00000000  0.00000000  
0.90000000  0.90000000  0.13500000  0.04500000  |  -0.06465017 0.00000000  -0.05024721 0.00000000  -0.00498720 
0.90000000  0.90000000  0.13500000  0.31500000  |  -0.06557611 0.00000000  -0.05036439 0.00000000  -0.00511548 
0.90000000  0.90000000  0.13500000  4.50000000  |  -0.06596028 0.00000000  -0.05630804 0.00000000  0.00000000  
0.90000000  0.90000000  0.18000000  0.04500000  |  -0.05330467 0.00000000  -0.05206277 0.00000000  -0.00518679 
0.90000000  0.90000000  0.18000000  0.31500000  |  -0.05356762 0.00000000  -0.05220786 0.00000000  -0.00523158 
0.90000000  0.90000000  0.18000000  4.50000000  |  -0.05517481 0.00000000  -0.05801090 0.00000000  0.00000000  
0.90000000  0.90000000  0.22500000  0.04500000  |  -0.04558392 0.00000000  -0.05371234 0.00000000  -0.00514946 
0.90000000  0.90000000  0.22500000  0.31500000  |  -0.04653911 0.00000000  -0.05386216 0.00000000  -0.00510866 
0.90000000  0.90000000  0.22500000  4.50000000  |  -0.04593529 0.00000000  -0.05982586 0.00000000  0.00000000  
0.90000000  0.90000000  0.31500000  0.04500000  |  -0.03475292 0.00000000  -0.05689806 0.00000000  -0.00505685 
0.90000000  0.90000000  0.31500000  0.31500000  |  -0.03596837 0.00000000  -0.05711775 0.00000000  -0.00514583 
0.90000000  0.90000000  0.31500000  4.50000000  |  -0.03618624 0.00000000  -0.06297159 0.00000000  0.00000000  
0.90000000  0.90000000  0.45000000  0.04500000  |  -0.02604982 0.00000000  -0.06102588 0.00000000  -0.00468745 
0.90000000  0.90000000  0.45000000  0.31500000  |  -0.02694040 0.00000000  -0.06136537 0.00000000  -0.00482361 
0.90000000  0.90000000  0.45000000  4.50000000  |  -0.02686101 0.00000000  -0.06670959 0.00000000  0.00000000  
0.90000000  0.90000000  0.63000000  0.04500000  |  -0.01838041 0.00000000  -0.06504555 0.00000000  -0.00463837 
0.90000000  0.90000000  0.63000000  0.31500000  |  -0.01982784 0.00000000  -0.06522872 0.00000000  -0.00462318 
0.90000000  0.90000000  0.63000000  4.50000000  |  -0.01965662 0.00000000  -0.07057235 0.00000000  0.00000000  
0.90000000  0.90000000  0.81000000  0.04500000  |  -0.01418864 0.00000000  -0.06842926 0.00000000  -0.00430586 
0.90000000  0.90000000  0.81000000  0.31500000  |  -0.01517754 0.00000000  -0.06817898 0.00000000  -0.00443982 
0.90000000  0.90000000  0.81000000  4.50000000  |  -0.01474699 0.00000000  -0.07363022 0.00000000  0.00000000  
0.90000000  0.90000000  4.50000000  0.04500000  |  0.00000000  0.00000000  -0.08590138 0.00000000  0.00000000  
0.90000000  0.90000000  4.50000000  0.31500000  |  0.00000000  0.00000000  -0.08666410 0.00000000  0.00000000  
0.90000000  0.90000000  4.50000000  4.50000000  |  0.00000000  0.00000000  -0.08635968 0.00000000  0.00000000  
