****************************PATTERN SUB-metal2_PLATE2L **********************************
    w1          w2        space     edgeSpace   |      c12         c1t         c1b        c1tb         c1e
0.04500000  0.04500000  0.02250000  0.04500000  |  -0.15723927 0.00000000  -0.00392706 0.00000000  -0.00927430 
0.04500000  0.04500000  0.02250000  0.31500000  |  -0.16691147 0.00000000  -0.00599687 0.00000000  -0.00661824 
0.04500000  0.04500000  0.02250000  4.50000000  |  -0.16734400 0.00000000  -0.01263485 0.00000000  0.00000000  
0.04500000  0.04500000  0.04050000  0.04500000  |  -0.09387788 0.00000000  -0.00427792 0.00000000  -0.00891204 
0.04500000  0.04500000  0.04050000  0.31500000  |  -0.10286042 0.00000000  -0.00629423 0.00000000  -0.00648334 
0.04500000  0.04500000  0.04050000  4.50000000  |  -0.10486283 0.00000000  -0.01293674 0.00000000  0.00000000  
0.04500000  0.04500000  0.04500000  0.04500000  |  -0.08581997 0.00000000  -0.00436476 0.00000000  -0.00883965 
0.04500000  0.04500000  0.04500000  0.31500000  |  -0.09471627 0.00000000  -0.00636869 0.00000000  -0.00644922 
0.04500000  0.04500000  0.04500000  4.50000000  |  -0.09675943 0.00000000  -0.01301409 0.00000000  0.00000000  
0.04500000  0.04500000  0.09000000  0.04500000  |  -0.04754950 0.00000000  -0.00515515 0.00000000  -0.00814180 
0.04500000  0.04500000  0.09000000  0.31500000  |  -0.05520507 0.00000000  -0.00711956 0.00000000  -0.00623129 
0.04500000  0.04500000  0.09000000  4.50000000  |  -0.05723669 0.00000000  -0.01372480 0.00000000  0.00000000  
0.04500000  0.04500000  0.13500000  0.04500000  |  -0.03333229 0.00000000  -0.00590175 0.00000000  -0.00756298 
0.04500000  0.04500000  0.13500000  0.31500000  |  -0.04035955 0.00000000  -0.00782717 0.00000000  -0.00597548 
0.04500000  0.04500000  0.13500000  4.50000000  |  -0.04158832 0.00000000  -0.01445491 0.00000000  0.00000000  
0.04500000  0.04500000  0.18000000  0.04500000  |  -0.02584032 0.00000000  -0.00658962 0.00000000  -0.00699165 
0.04500000  0.04500000  0.18000000  0.31500000  |  -0.03183146 0.00000000  -0.00856822 0.00000000  -0.00577780 
0.04500000  0.04500000  0.18000000  4.50000000  |  -0.03342263 0.00000000  -0.01505543 0.00000000  0.00000000  
0.04500000  0.04500000  0.22500000  0.04500000  |  -0.02107150 0.00000000  -0.00723047 0.00000000  -0.00650522 
0.04500000  0.04500000  0.22500000  0.31500000  |  -0.02643907 0.00000000  -0.00920213 0.00000000  -0.00556818 
0.04500000  0.04500000  0.22500000  4.50000000  |  -0.02817865 0.00000000  -0.01569486 0.00000000  0.00000000  
0.04500000  0.04500000  0.31500000  0.04500000  |  -0.01520355 0.00000000  -0.00842762 0.00000000  -0.00579130 
0.04500000  0.04500000  0.31500000  0.31500000  |  -0.01985918 0.00000000  -0.01051948 0.00000000  -0.00509902 
0.04500000  0.04500000  0.31500000  4.50000000  |  -0.02132712 0.00000000  -0.01688735 0.00000000  0.00000000  
0.04500000  0.04500000  0.45000000  0.04500000  |  -0.01068515 0.00000000  -0.01003745 0.00000000  -0.00480079 
0.04500000  0.04500000  0.45000000  0.31500000  |  -0.01415116 0.00000000  -0.01232908 0.00000000  -0.00449924 
0.04500000  0.04500000  0.45000000  4.50000000  |  -0.01542312 0.00000000  -0.01847774 0.00000000  0.00000000  
0.04500000  0.04500000  0.63000000  0.04500000  |  -0.00737265 0.00000000  -0.01188123 0.00000000  -0.00385535 
0.04500000  0.04500000  0.63000000  0.31500000  |  -0.01002920 0.00000000  -0.01434231 0.00000000  -0.00393124 
0.04500000  0.04500000  0.63000000  4.50000000  |  -0.01086982 0.00000000  -0.02032841 0.00000000  0.00000000  
0.04500000  0.04500000  0.81000000  0.04500000  |  -0.00549571 0.00000000  -0.01340018 0.00000000  -0.00327072 
0.04500000  0.04500000  0.81000000  0.31500000  |  -0.00750462 0.00000000  -0.01608494 0.00000000  -0.00342849 
0.04500000  0.04500000  0.81000000  4.50000000  |  -0.00811020 0.00000000  -0.02180761 0.00000000  0.00000000  
0.04500000  0.04500000  4.50000000  0.04500000  |  0.00000000  0.00000000  -0.02199108 0.00000000  0.00000000  
0.04500000  0.04500000  4.50000000  0.31500000  |  0.00000000  0.00000000  -0.02643538 0.00000000  0.00000000  
0.04500000  0.04500000  4.50000000  4.50000000  |  0.00000000  0.00000000  -0.02809899 0.00000000  0.00000000  
0.04500000  0.13500000  0.02250000  0.04500000  |  -0.16358615 0.00000000  -0.00323837 0.00000000  -0.00479307 
0.04500000  0.13500000  0.02250000  0.31500000  |  -0.17106954 0.00000000  -0.00510484 0.00000000  -0.00455816 
0.04500000  0.13500000  0.02250000  4.50000000  |  -0.17332241 0.00000000  -0.01024527 0.00000000  0.00000000  
0.04500000  0.13500000  0.04050000  0.04500000  |  -0.09955592 0.00000000  -0.00357042 0.00000000  -0.00488932 
0.04500000  0.13500000  0.04050000  0.31500000  |  -0.10721098 0.00000000  -0.00544019 0.00000000  -0.00458283 
0.04500000  0.13500000  0.04050000  4.50000000  |  -0.10912004 0.00000000  -0.01067466 0.00000000  0.00000000  
0.04500000  0.13500000  0.04500000  0.04500000  |  -0.09140050 0.00000000  -0.00365228 0.00000000  -0.00491241 
0.04500000  0.13500000  0.04500000  0.31500000  |  -0.09895114 0.00000000  -0.00553714 0.00000000  -0.00459697 
0.04500000  0.13500000  0.04500000  4.50000000  |  -0.10055079 0.00000000  -0.01077906 0.00000000  0.00000000  
0.04500000  0.13500000  0.09000000  0.04500000  |  -0.05225536 0.00000000  -0.00444337 0.00000000  -0.00500785 
0.04500000  0.13500000  0.09000000  0.31500000  |  -0.05900338 0.00000000  -0.00632548 0.00000000  -0.00464247 
0.04500000  0.13500000  0.09000000  4.50000000  |  -0.06103303 0.00000000  -0.01174434 0.00000000  0.00000000  
0.04500000  0.13500000  0.13500000  0.04500000  |  -0.03746427 0.00000000  -0.00518473 0.00000000  -0.00507389 
0.04500000  0.13500000  0.13500000  0.31500000  |  -0.04344771 0.00000000  -0.00708374 0.00000000  -0.00462127 
0.04500000  0.13500000  0.13500000  4.50000000  |  -0.04516851 0.00000000  -0.01248298 0.00000000  0.00000000  
0.04500000  0.13500000  0.18000000  0.04500000  |  -0.02938461 0.00000000  -0.00589000 0.00000000  -0.00497030 
0.04500000  0.13500000  0.18000000  0.31500000  |  -0.03489216 0.00000000  -0.00780136 0.00000000  -0.00458135 
0.04500000  0.13500000  0.18000000  4.50000000  |  -0.03668603 0.00000000  -0.01343170 0.00000000  0.00000000  
0.04500000  0.13500000  0.22500000  0.04500000  |  -0.02418160 0.00000000  -0.00656202 0.00000000  -0.00486238 
0.04500000  0.13500000  0.22500000  0.31500000  |  -0.02925661 0.00000000  -0.00855339 0.00000000  -0.00448601 
0.04500000  0.13500000  0.22500000  4.50000000  |  -0.03077759 0.00000000  -0.01418009 0.00000000  0.00000000  
0.04500000  0.13500000  0.31500000  0.04500000  |  -0.01778130 0.00000000  -0.00780098 0.00000000  -0.00453637 
0.04500000  0.13500000  0.31500000  0.31500000  |  -0.02177638 0.00000000  -0.00987574 0.00000000  -0.00438610 
0.04500000  0.13500000  0.31500000  4.50000000  |  -0.02310783 0.00000000  -0.01556935 0.00000000  0.00000000  
0.04500000  0.13500000  0.45000000  0.04500000  |  -0.01256779 0.00000000  -0.00950549 0.00000000  -0.00402334 
0.04500000  0.13500000  0.45000000  0.31500000  |  -0.01578371 0.00000000  -0.01172570 0.00000000  -0.00405893 
0.04500000  0.13500000  0.45000000  4.50000000  |  -0.01692220 0.00000000  -0.01748876 0.00000000  0.00000000  
0.04500000  0.13500000  0.63000000  0.04500000  |  -0.00882121 0.00000000  -0.01140467 0.00000000  -0.00347257 
0.04500000  0.13500000  0.63000000  0.31500000  |  -0.01112246 0.00000000  -0.01398795 0.00000000  -0.00360407 
0.04500000  0.13500000  0.63000000  4.50000000  |  -0.01182855 0.00000000  -0.01936073 0.00000000  0.00000000  
0.04500000  0.13500000  0.81000000  0.04500000  |  -0.00649248 0.00000000  -0.01302418 0.00000000  -0.00304933 
0.04500000  0.13500000  0.81000000  0.31500000  |  -0.00844530 0.00000000  -0.01574486 0.00000000  -0.00319052 
0.04500000  0.13500000  0.81000000  4.50000000  |  -0.00870762 0.00000000  -0.02105461 0.00000000  0.00000000  
0.04500000  0.13500000  4.50000000  0.04500000  |  0.00000000  0.00000000  -0.02200285 0.00000000  0.00000000  
0.04500000  0.13500000  4.50000000  0.31500000  |  0.00000000  0.00000000  -0.02635911 0.00000000  0.00000000  
0.04500000  0.13500000  4.50000000  4.50000000  |  0.00000000  0.00000000  -0.02828095 0.00000000  0.00000000  
0.04500000  0.90000000  0.02250000  0.04500000  |  -0.16832633 0.00000000  -0.00265956 0.00000000  -0.00110969 
0.04500000  0.90000000  0.02250000  0.31500000  |  -0.17620563 0.00000000  -0.00420108 0.00000000  -0.00163033 
0.04500000  0.90000000  0.02250000  4.50000000  |  -0.17680205 0.00000000  -0.00685703 0.00000000  0.00000000  
0.04500000  0.90000000  0.04050000  0.04500000  |  -0.10448070 0.00000000  -0.00296680 0.00000000  -0.00120994 
0.04500000  0.90000000  0.04050000  0.31500000  |  -0.11191742 0.00000000  -0.00451746 0.00000000  -0.00178604 
0.04500000  0.90000000  0.04050000  4.50000000  |  -0.11296609 0.00000000  -0.00729090 0.00000000  0.00000000  
0.04500000  0.90000000  0.04500000  0.04500000  |  -0.09615392 0.00000000  -0.00304470 0.00000000  -0.00123383 
0.04500000  0.90000000  0.04500000  0.31500000  |  -0.10375736 0.00000000  -0.00459954 0.00000000  -0.00180704 
0.04500000  0.90000000  0.04500000  4.50000000  |  -0.10441544 0.00000000  -0.00739074 0.00000000  0.00000000  
0.04500000  0.90000000  0.09000000  0.04500000  |  -0.05722502 0.00000000  -0.00378588 0.00000000  -0.00144280 
0.04500000  0.90000000  0.09000000  0.31500000  |  -0.06375390 0.00000000  -0.00539820 0.00000000  -0.00190356 
0.04500000  0.90000000  0.09000000  4.50000000  |  -0.06566143 0.00000000  -0.00836913 0.00000000  0.00000000  
0.04500000  0.90000000  0.13500000  0.04500000  |  -0.04244207 0.00000000  -0.00450348 0.00000000  -0.00160547 
0.04500000  0.90000000  0.13500000  0.31500000  |  -0.04800780 0.00000000  -0.00617559 0.00000000  -0.00203400 
0.04500000  0.90000000  0.13500000  4.50000000  |  -0.04985094 0.00000000  -0.00941851 0.00000000  0.00000000  
0.04500000  0.90000000  0.18000000  0.04500000  |  -0.03413543 0.00000000  -0.00520942 0.00000000  -0.00177507 
0.04500000  0.90000000  0.18000000  0.31500000  |  -0.03907856 0.00000000  -0.00696249 0.00000000  -0.00214882 
0.04500000  0.90000000  0.18000000  4.50000000  |  -0.04061692 0.00000000  -0.01022289 0.00000000  0.00000000  
0.04500000  0.90000000  0.22500000  0.04500000  |  -0.02889417 0.00000000  -0.00587548 0.00000000  -0.00189019 
0.04500000  0.90000000  0.22500000  0.31500000  |  -0.03330196 0.00000000  -0.00770760 0.00000000  -0.00225347 
0.04500000  0.90000000  0.22500000  4.50000000  |  -0.03476740 0.00000000  -0.01114165 0.00000000  0.00000000  
0.04500000  0.90000000  0.31500000  0.04500000  |  -0.02203571 0.00000000  -0.00713275 0.00000000  -0.00207164 
0.04500000  0.90000000  0.31500000  0.31500000  |  -0.02580889 0.00000000  -0.00910391 0.00000000  -0.00238432 
0.04500000  0.90000000  0.31500000  4.50000000  |  -0.02703762 0.00000000  -0.01273072 0.00000000  0.00000000  
0.04500000  0.90000000  0.45000000  0.04500000  |  -0.01612537 0.00000000  -0.00884246 0.00000000  -0.00222929 
0.04500000  0.90000000  0.45000000  0.31500000  |  -0.01925397 0.00000000  -0.01102080 0.00000000  -0.00252691 
0.04500000  0.90000000  0.45000000  4.50000000  |  -0.02024414 0.00000000  -0.01487806 0.00000000  0.00000000  
0.04500000  0.90000000  0.63000000  0.04500000  |  -0.01168281 0.00000000  -0.01074457 0.00000000  -0.00231750 
0.04500000  0.90000000  0.63000000  0.31500000  |  -0.01406295 0.00000000  -0.01324666 0.00000000  -0.00259388 
0.04500000  0.90000000  0.63000000  4.50000000  |  -0.01462292 0.00000000  -0.01748959 0.00000000  0.00000000  
0.04500000  0.90000000  0.81000000  0.04500000  |  -0.00909806 0.00000000  -0.01231215 0.00000000  -0.00218201 
0.04500000  0.90000000  0.81000000  0.31500000  |  -0.01070386 0.00000000  -0.01505956 0.00000000  -0.00259447 
0.04500000  0.90000000  0.81000000  4.50000000  |  -0.01108430 0.00000000  -0.01952247 0.00000000  0.00000000  
0.04500000  0.90000000  4.50000000  0.04500000  |  0.00000000  0.00000000  -0.02219375 0.00000000  0.00000000  
0.04500000  0.90000000  4.50000000  0.31500000  |  0.00000000  0.00000000  -0.02669655 0.00000000  0.00000000  
0.04500000  0.90000000  4.50000000  4.50000000  |  0.00000000  0.00000000  -0.02821235 0.00000000  0.00000000  
0.13500000  0.04500000  0.02250000  0.04500000  |  -0.16252607 0.00000000  -0.00724928 0.00000000  -0.01328272 
0.13500000  0.04500000  0.02250000  0.31500000  |  -0.17054754 0.00000000  -0.00916632 0.00000000  -0.00861311 
0.13500000  0.04500000  0.02250000  4.50000000  |  -0.17319273 0.00000000  -0.01767668 0.00000000  0.00000000  
0.13500000  0.04500000  0.04050000  0.04500000  |  -0.09916386 0.00000000  -0.00754505 0.00000000  -0.01240301 
0.13500000  0.04500000  0.04050000  0.31500000  |  -0.10716866 0.00000000  -0.00944130 0.00000000  -0.00832697 
0.13500000  0.04500000  0.04050000  4.50000000  |  -0.10825426 0.00000000  -0.01779965 0.00000000  0.00000000  
0.13500000  0.04500000  0.04500000  0.04500000  |  -0.09098454 0.00000000  -0.00763055 0.00000000  -0.01219157 
0.13500000  0.04500000  0.04500000  0.31500000  |  -0.09818792 0.00000000  -0.00950412 0.00000000  -0.00829444 
0.13500000  0.04500000  0.04500000  4.50000000  |  -0.10027206 0.00000000  -0.01781230 0.00000000  0.00000000  
0.13500000  0.04500000  0.09000000  0.04500000  |  -0.05224236 0.00000000  -0.00837498 0.00000000  -0.01071692 
0.13500000  0.04500000  0.09000000  0.31500000  |  -0.05868213 0.00000000  -0.01019364 0.00000000  -0.00769974 
0.13500000  0.04500000  0.09000000  4.50000000  |  -0.06120770 0.00000000  -0.01828706 0.00000000  0.00000000  
0.13500000  0.04500000  0.13500000  0.04500000  |  -0.03728548 0.00000000  -0.00915416 0.00000000  -0.00958791 
0.13500000  0.04500000  0.13500000  0.31500000  |  -0.04301571 0.00000000  -0.01093788 0.00000000  -0.00720573 
0.13500000  0.04500000  0.13500000  4.50000000  |  -0.04501884 0.00000000  -0.01874027 0.00000000  0.00000000  
0.13500000  0.04500000  0.18000000  0.04500000  |  -0.02935254 0.00000000  -0.00990188 0.00000000  -0.00870234 
0.13500000  0.04500000  0.18000000  0.31500000  |  -0.03474277 0.00000000  -0.01167313 0.00000000  -0.00683215 
0.13500000  0.04500000  0.18000000  4.50000000  |  -0.03605883 0.00000000  -0.01930683 0.00000000  0.00000000  
0.13500000  0.04500000  0.22500000  0.04500000  |  -0.02402093 0.00000000  -0.01063551 0.00000000  -0.00799697 
0.13500000  0.04500000  0.22500000  0.31500000  |  -0.02908164 0.00000000  -0.01242711 0.00000000  -0.00643875 
0.13500000  0.04500000  0.22500000  4.50000000  |  -0.03007319 0.00000000  -0.01985935 0.00000000  0.00000000  
0.13500000  0.04500000  0.31500000  0.04500000  |  -0.01763648 0.00000000  -0.01199361 0.00000000  -0.00702777 
0.13500000  0.04500000  0.31500000  0.31500000  |  -0.02179543 0.00000000  -0.01384153 0.00000000  -0.00581470 
0.13500000  0.04500000  0.31500000  4.50000000  |  -0.02285208 0.00000000  -0.02121279 0.00000000  0.00000000  
0.13500000  0.04500000  0.45000000  0.04500000  |  -0.01247207 0.00000000  -0.01387541 0.00000000  -0.00566161 
0.13500000  0.04500000  0.45000000  0.31500000  |  -0.01570906 0.00000000  -0.01580107 0.00000000  -0.00520183 
0.13500000  0.04500000  0.45000000  4.50000000  |  -0.01674264 0.00000000  -0.02280023 0.00000000  0.00000000  
0.13500000  0.04500000  0.63000000  0.04500000  |  -0.00872297 0.00000000  -0.01602832 0.00000000  -0.00467843 
0.13500000  0.04500000  0.63000000  0.31500000  |  -0.01111223 0.00000000  -0.01818142 0.00000000  -0.00444843 
0.13500000  0.04500000  0.63000000  4.50000000  |  -0.01206402 0.00000000  -0.02462503 0.00000000  0.00000000  
0.13500000  0.04500000  0.81000000  0.04500000  |  -0.00646626 0.00000000  -0.01782774 0.00000000  -0.00379629 
0.13500000  0.04500000  0.81000000  0.31500000  |  -0.00844134 0.00000000  -0.02008104 0.00000000  -0.00383261 
0.13500000  0.04500000  0.81000000  4.50000000  |  -0.00930844 0.00000000  -0.02614583 0.00000000  0.00000000  
0.13500000  0.04500000  4.50000000  0.04500000  |  0.00000000  0.00000000  -0.02803159 0.00000000  0.00000000  
0.13500000  0.04500000  4.50000000  0.31500000  |  0.00000000  0.00000000  -0.03152739 0.00000000  0.00000000  
0.13500000  0.04500000  4.50000000  4.50000000  |  0.00000000  0.00000000  -0.03337162 0.00000000  0.00000000  
0.13500000  0.13500000  0.02250000  0.04500000  |  -0.17151089 0.00000000  -0.00618068 0.00000000  -0.00746044 
0.13500000  0.13500000  0.02250000  0.31500000  |  -0.17654275 0.00000000  -0.00804481 0.00000000  -0.00609450 
0.13500000  0.13500000  0.02250000  4.50000000  |  -0.17810603 0.00000000  -0.01479133 0.00000000  0.00000000  
0.13500000  0.13500000  0.04050000  0.04500000  |  -0.10689669 0.00000000  -0.00651980 0.00000000  -0.00731723 
0.13500000  0.13500000  0.04050000  0.31500000  |  -0.11215088 0.00000000  -0.00835682 0.00000000  -0.00600333 
0.13500000  0.13500000  0.04050000  4.50000000  |  -0.11456997 0.00000000  -0.01510139 0.00000000  0.00000000  
0.13500000  0.13500000  0.04500000  0.04500000  |  -0.09858272 0.00000000  -0.00660239 0.00000000  -0.00727687 
0.13500000  0.13500000  0.04500000  0.31500000  |  -0.10393736 0.00000000  -0.00843681 0.00000000  -0.00597874 
0.13500000  0.13500000  0.04500000  4.50000000  |  -0.10630831 0.00000000  -0.01518421 0.00000000  0.00000000  
0.13500000  0.13500000  0.09000000  0.04500000  |  -0.05819807 0.00000000  -0.00741677 0.00000000  -0.00695113 
0.13500000  0.13500000  0.09000000  0.31500000  |  -0.06310676 0.00000000  -0.00922372 0.00000000  -0.00581267 
0.13500000  0.13500000  0.09000000  4.50000000  |  -0.06370293 0.00000000  -0.01600880 0.00000000  0.00000000  
0.13500000  0.13500000  0.13500000  0.04500000  |  -0.04235342 0.00000000  -0.00822964 0.00000000  -0.00667912 
0.13500000  0.13500000  0.13500000  0.31500000  |  -0.04731770 0.00000000  -0.01005672 0.00000000  -0.00567530 
0.13500000  0.13500000  0.13500000  4.50000000  |  -0.04878860 0.00000000  -0.01675125 0.00000000  0.00000000  
0.13500000  0.13500000  0.18000000  0.04500000  |  -0.03363968 0.00000000  -0.00902059 0.00000000  -0.00638657 
0.13500000  0.13500000  0.18000000  0.31500000  |  -0.03808637 0.00000000  -0.01086266 0.00000000  -0.00549815 
0.13500000  0.13500000  0.18000000  4.50000000  |  -0.03936617 0.00000000  -0.01753505 0.00000000  0.00000000  
0.13500000  0.13500000  0.22500000  0.04500000  |  -0.02788338 0.00000000  -0.00979945 0.00000000  -0.00608044 
0.13500000  0.13500000  0.22500000  0.31500000  |  -0.03204833 0.00000000  -0.01164936 0.00000000  -0.00533578 
0.13500000  0.13500000  0.22500000  4.50000000  |  -0.03273147 0.00000000  -0.01819931 0.00000000  0.00000000  
0.13500000  0.13500000  0.31500000  0.04500000  |  -0.02070812 0.00000000  -0.01125712 0.00000000  -0.00554748 
0.13500000  0.13500000  0.31500000  0.31500000  |  -0.02406658 0.00000000  -0.01312819 0.00000000  -0.00507964 
0.13500000  0.13500000  0.31500000  4.50000000  |  -0.02537239 0.00000000  -0.01963384 0.00000000  0.00000000  
0.13500000  0.13500000  0.45000000  0.04500000  |  -0.01472623 0.00000000  -0.01319760 0.00000000  -0.00485733 
0.13500000  0.13500000  0.45000000  0.31500000  |  -0.01754941 0.00000000  -0.01525067 0.00000000  -0.00456897 
0.13500000  0.13500000  0.45000000  4.50000000  |  -0.01858059 0.00000000  -0.02151186 0.00000000  0.00000000  
0.13500000  0.13500000  0.63000000  0.04500000  |  -0.01029632 0.00000000  -0.01548459 0.00000000  -0.00418860 
0.13500000  0.13500000  0.63000000  0.31500000  |  -0.01252474 0.00000000  -0.01768139 0.00000000  -0.00408767 
0.13500000  0.13500000  0.63000000  4.50000000  |  -0.01292338 0.00000000  -0.02394801 0.00000000  0.00000000  
0.13500000  0.13500000  0.81000000  0.04500000  |  -0.00761665 0.00000000  -0.01737694 0.00000000  -0.00366966 
0.13500000  0.13500000  0.81000000  0.31500000  |  -0.00932672 0.00000000  -0.01966980 0.00000000  -0.00367222 
0.13500000  0.13500000  0.81000000  4.50000000  |  -0.00980034 0.00000000  -0.02543005 0.00000000  0.00000000  
0.13500000  0.13500000  4.50000000  0.04500000  |  0.00000000  0.00000000  -0.02805293 0.00000000  0.00000000  
0.13500000  0.13500000  4.50000000  0.31500000  |  0.00000000  0.00000000  -0.03166831 0.00000000  0.00000000  
0.13500000  0.13500000  4.50000000  4.50000000  |  0.00000000  0.00000000  -0.03337026 0.00000000  0.00000000  
0.13500000  0.90000000  0.02250000  0.04500000  |  -0.17883021 0.00000000  -0.00525039 0.00000000  -0.00190751 
0.13500000  0.90000000  0.02250000  0.31500000  |  -0.18342070 0.00000000  -0.00689894 0.00000000  -0.00233074 
0.13500000  0.90000000  0.02250000  4.50000000  |  -0.18338796 0.00000000  -0.01036262 0.00000000  0.00000000  
0.13500000  0.90000000  0.04050000  0.04500000  |  -0.11425544 0.00000000  -0.00558120 0.00000000  -0.00197234 
0.13500000  0.90000000  0.04050000  0.31500000  |  -0.11898750 0.00000000  -0.00722036 0.00000000  -0.00237845 
0.13500000  0.90000000  0.04050000  4.50000000  |  -0.11993501 0.00000000  -0.01076583 0.00000000  0.00000000  
0.13500000  0.90000000  0.04500000  0.04500000  |  -0.10602961 0.00000000  -0.00566132 0.00000000  -0.00199021 
0.13500000  0.90000000  0.04500000  0.31500000  |  -0.11050956 0.00000000  -0.00732608 0.00000000  -0.00239637 
0.13500000  0.90000000  0.04500000  4.50000000  |  -0.11115037 0.00000000  -0.01083899 0.00000000  0.00000000  
0.13500000  0.90000000  0.09000000  0.04500000  |  -0.06520538 0.00000000  -0.00650836 0.00000000  -0.00216301 
0.13500000  0.90000000  0.09000000  0.31500000  |  -0.06915671 0.00000000  -0.00819999 0.00000000  -0.00249511 
0.13500000  0.90000000  0.09000000  4.50000000  |  -0.07031954 0.00000000  -0.01188088 0.00000000  0.00000000  
0.13500000  0.90000000  0.13500000  0.04500000  |  -0.04908074 0.00000000  -0.00731144 0.00000000  -0.00230351 
0.13500000  0.90000000  0.13500000  0.31500000  |  -0.05244075 0.00000000  -0.00901863 0.00000000  -0.00263151 
0.13500000  0.90000000  0.13500000  4.50000000  |  -0.05325088 0.00000000  -0.01280345 0.00000000  0.00000000  
0.13500000  0.90000000  0.18000000  0.04500000  |  -0.03995374 0.00000000  -0.00811520 0.00000000  -0.00243364 
0.13500000  0.90000000  0.18000000  0.31500000  |  -0.04347160 0.00000000  -0.00985240 0.00000000  -0.00268466 
0.13500000  0.90000000  0.18000000  4.50000000  |  -0.04426198 0.00000000  -0.01368377 0.00000000  0.00000000  
0.13500000  0.90000000  0.22500000  0.04500000  |  -0.03370953 0.00000000  -0.00889288 0.00000000  -0.00254130 
0.13500000  0.90000000  0.22500000  0.31500000  |  -0.03694869 0.00000000  -0.01063580 0.00000000  -0.00279783 
0.13500000  0.90000000  0.22500000  4.50000000  |  -0.03822535 0.00000000  -0.01470679 0.00000000  0.00000000  
0.13500000  0.90000000  0.31500000  0.04500000  |  -0.02642058 0.00000000  -0.01038738 0.00000000  -0.00247172 
0.13500000  0.90000000  0.31500000  0.31500000  |  -0.02892679 0.00000000  -0.01230526 0.00000000  -0.00281376 
0.13500000  0.90000000  0.31500000  4.50000000  |  -0.02960671 0.00000000  -0.01637849 0.00000000  0.00000000  
0.13500000  0.90000000  0.45000000  0.04500000  |  -0.01936489 0.00000000  -0.01242377 0.00000000  -0.00261005 
0.13500000  0.90000000  0.45000000  0.31500000  |  -0.02161174 0.00000000  -0.01448920 0.00000000  -0.00289129 
0.13500000  0.90000000  0.45000000  4.50000000  |  -0.02193910 0.00000000  -0.01886467 0.00000000  0.00000000  
0.13500000  0.90000000  0.63000000  0.04500000  |  -0.01396666 0.00000000  -0.01469550 0.00000000  -0.00268804 
0.13500000  0.90000000  0.63000000  0.31500000  |  -0.01582654 0.00000000  -0.01691863 0.00000000  -0.00294306 
0.13500000  0.90000000  0.63000000  4.50000000  |  -0.01631145 0.00000000  -0.02135997 0.00000000  0.00000000  
0.13500000  0.90000000  0.81000000  0.04500000  |  -0.01087244 0.00000000  -0.01656411 0.00000000  -0.00257001 
0.13500000  0.90000000  0.81000000  0.31500000  |  -0.01211831 0.00000000  -0.01886305 0.00000000  -0.00293292 
0.13500000  0.90000000  0.81000000  4.50000000  |  -0.01239587 0.00000000  -0.02366011 0.00000000  0.00000000  
0.13500000  0.90000000  4.50000000  0.04500000  |  0.00000000  0.00000000  -0.02808462 0.00000000  0.00000000  
0.13500000  0.90000000  4.50000000  0.31500000  |  0.00000000  0.00000000  -0.03178314 0.00000000  0.00000000  
0.13500000  0.90000000  4.50000000  4.50000000  |  0.00000000  0.00000000  -0.03331332 0.00000000  0.00000000  
0.90000000  0.04500000  0.02250000  0.04500000  |  -0.16720299 0.00000000  -0.03209186 0.00000000  -0.01981025 
0.90000000  0.04500000  0.02250000  0.31500000  |  -0.17394697 0.00000000  -0.03228053 0.00000000  -0.01281036 
0.90000000  0.04500000  0.02250000  4.50000000  |  -0.17631381 0.00000000  -0.04569961 0.00000000  0.00000000  
0.90000000  0.04500000  0.04050000  0.04500000  |  -0.10296305 0.00000000  -0.03243205 0.00000000  -0.01832167 
0.90000000  0.04500000  0.04050000  0.31500000  |  -0.10942401 0.00000000  -0.03271957 0.00000000  -0.01235480 
0.90000000  0.04500000  0.04050000  4.50000000  |  -0.10877125 0.00000000  -0.04539490 0.00000000  0.00000000  
0.90000000  0.04500000  0.04500000  0.04500000  |  -0.09458787 0.00000000  -0.03251618 0.00000000  -0.01801876 
0.90000000  0.04500000  0.04500000  0.31500000  |  -0.10153299 0.00000000  -0.03279380 0.00000000  -0.01227145 
0.90000000  0.04500000  0.04500000  4.50000000  |  -0.10052094 0.00000000  -0.04544615 0.00000000  0.00000000  
0.90000000  0.04500000  0.09000000  0.04500000  |  -0.05672808 0.00000000  -0.03345575 0.00000000  -0.01567479 
0.90000000  0.04500000  0.09000000  0.31500000  |  -0.06231624 0.00000000  -0.03361015 0.00000000  -0.01135927 
0.90000000  0.04500000  0.09000000  4.50000000  |  -0.06382280 0.00000000  -0.04574377 0.00000000  0.00000000  
0.90000000  0.04500000  0.13500000  0.04500000  |  -0.04116490 0.00000000  -0.03447706 0.00000000  -0.01405403 
0.90000000  0.04500000  0.13500000  0.31500000  |  -0.04756511 0.00000000  -0.03455504 0.00000000  -0.01039811 
0.90000000  0.04500000  0.13500000  4.50000000  |  -0.04715189 0.00000000  -0.04626254 0.00000000  0.00000000  
0.90000000  0.04500000  0.18000000  0.04500000  |  -0.03387703 0.00000000  -0.03533445 0.00000000  -0.01273418 
0.90000000  0.04500000  0.18000000  0.31500000  |  -0.03836328 0.00000000  -0.03540897 0.00000000  -0.00986879 
0.90000000  0.04500000  0.18000000  4.50000000  |  -0.03989015 0.00000000  -0.04656559 0.00000000  0.00000000  
0.90000000  0.04500000  0.22500000  0.04500000  |  -0.02851500 0.00000000  -0.03625096 0.00000000  -0.01171709 
0.90000000  0.04500000  0.22500000  0.31500000  |  -0.03267694 0.00000000  -0.03634408 0.00000000  -0.00935637 
0.90000000  0.04500000  0.22500000  4.50000000  |  -0.03439983 0.00000000  -0.04744709 0.00000000  0.00000000  
0.90000000  0.04500000  0.31500000  0.04500000  |  -0.02144454 0.00000000  -0.03807315 0.00000000  -0.01014939 
0.90000000  0.04500000  0.31500000  0.31500000  |  -0.02533736 0.00000000  -0.03806596 0.00000000  -0.00840970 
0.90000000  0.04500000  0.31500000  4.50000000  |  -0.02614018 0.00000000  -0.04862526 0.00000000  0.00000000  
0.90000000  0.04500000  0.45000000  0.04500000  |  -0.01573417 0.00000000  -0.04046798 0.00000000  -0.00849355 
0.90000000  0.04500000  0.45000000  0.31500000  |  -0.01887506 0.00000000  -0.04037126 0.00000000  -0.00737630 
0.90000000  0.04500000  0.45000000  4.50000000  |  -0.02018605 0.00000000  -0.05022481 0.00000000  0.00000000  
0.90000000  0.04500000  0.63000000  0.04500000  |  -0.01167928 0.00000000  -0.04330710 0.00000000  -0.00656622 
0.90000000  0.04500000  0.63000000  0.31500000  |  -0.01363281 0.00000000  -0.04366885 0.00000000  -0.00643327 
0.90000000  0.04500000  0.63000000  4.50000000  |  -0.01473975 0.00000000  -0.05247218 0.00000000  0.00000000  
0.90000000  0.04500000  0.81000000  0.04500000  |  -0.00897498 0.00000000  -0.04593346 0.00000000  -0.00550721 
0.90000000  0.04500000  0.81000000  0.31500000  |  -0.01079922 0.00000000  -0.04610603 0.00000000  -0.00542852 
0.90000000  0.04500000  0.81000000  4.50000000  |  -0.01189470 0.00000000  -0.05409912 0.00000000  0.00000000  
0.90000000  0.04500000  4.50000000  0.04500000  |  0.00000000  0.00000000  -0.06174398 0.00000000  0.00000000  
0.90000000  0.04500000  4.50000000  0.31500000  |  0.00000000  0.00000000  -0.06244617 0.00000000  0.00000000  
0.90000000  0.04500000  4.50000000  4.50000000  |  0.00000000  0.00000000  -0.06325924 0.00000000  0.00000000  
0.90000000  0.13500000  0.02250000  0.04500000  |  -0.17815272 0.00000000  -0.03021563 0.00000000  -0.01358241 
0.90000000  0.13500000  0.02250000  0.31500000  |  -0.18108707 0.00000000  -0.03064802 0.00000000  -0.01014079 
0.90000000  0.13500000  0.02250000  4.50000000  |  -0.18112755 0.00000000  -0.04193756 0.00000000  0.00000000  
0.90000000  0.13500000  0.04050000  0.04500000  |  -0.11373128 0.00000000  -0.03066071 0.00000000  -0.01304359 
0.90000000  0.13500000  0.04050000  0.31500000  |  -0.11771388 0.00000000  -0.03105752 0.00000000  -0.00997870 
0.90000000  0.13500000  0.04050000  4.50000000  |  -0.11691790 0.00000000  -0.04229046 0.00000000  0.00000000  
0.90000000  0.13500000  0.04500000  0.04500000  |  -0.10520551 0.00000000  -0.03077457 0.00000000  -0.01293998 
0.90000000  0.13500000  0.04500000  0.31500000  |  -0.10951584 0.00000000  -0.03116573 0.00000000  -0.00992343 
0.90000000  0.13500000  0.04500000  4.50000000  |  -0.10820615 0.00000000  -0.04236253 0.00000000  0.00000000  
0.90000000  0.13500000  0.09000000  0.04500000  |  -0.06476307 0.00000000  -0.03194309 0.00000000  -0.01187006 
0.90000000  0.13500000  0.09000000  0.31500000  |  -0.06868081 0.00000000  -0.03225667 0.00000000  -0.00935355 
0.90000000  0.13500000  0.09000000  4.50000000  |  -0.06913527 0.00000000  -0.04311181 0.00000000  0.00000000  
0.90000000  0.13500000  0.13500000  0.04500000  |  -0.04848298 0.00000000  -0.03306490 0.00000000  -0.01108494 
0.90000000  0.13500000  0.13500000  0.31500000  |  -0.05250761 0.00000000  -0.03334992 0.00000000  -0.00885818 
0.90000000  0.13500000  0.13500000  4.50000000  |  -0.05249989 0.00000000  -0.04351553 0.00000000  0.00000000  
0.90000000  0.13500000  0.18000000  0.04500000  |  -0.03946001 0.00000000  -0.03405329 0.00000000  -0.01035600 
0.90000000  0.13500000  0.18000000  0.31500000  |  -0.04302263 0.00000000  -0.03436915 0.00000000  -0.00837874 
0.90000000  0.13500000  0.18000000  4.50000000  |  -0.04418554 0.00000000  -0.04422426 0.00000000  0.00000000  
0.90000000  0.13500000  0.22500000  0.04500000  |  -0.03345230 0.00000000  -0.03508227 0.00000000  -0.00977195 
0.90000000  0.13500000  0.22500000  0.31500000  |  -0.03668876 0.00000000  -0.03538812 0.00000000  -0.00803363 
0.90000000  0.13500000  0.22500000  4.50000000  |  -0.03778178 0.00000000  -0.04533329 0.00000000  0.00000000  
0.90000000  0.13500000  0.31500000  0.04500000  |  -0.02586321 0.00000000  -0.03708902 0.00000000  -0.00860906 
0.90000000  0.13500000  0.31500000  0.31500000  |  -0.02865277 0.00000000  -0.03716948 0.00000000  -0.00744788 
0.90000000  0.13500000  0.31500000  4.50000000  |  -0.02867928 0.00000000  -0.04685874 0.00000000  0.00000000  
0.90000000  0.13500000  0.45000000  0.04500000  |  -0.01899181 0.00000000  -0.03953508 0.00000000  -0.00745294 
0.90000000  0.13500000  0.45000000  0.31500000  |  -0.02125530 0.00000000  -0.03996394 0.00000000  -0.00679433 
0.90000000  0.13500000  0.45000000  4.50000000  |  -0.02197354 0.00000000  -0.04878523 0.00000000  0.00000000  
0.90000000  0.13500000  0.63000000  0.04500000  |  -0.01397038 0.00000000  -0.04273320 0.00000000  -0.00630790 
0.90000000  0.13500000  0.63000000  0.31500000  |  -0.01579455 0.00000000  -0.04304387 0.00000000  -0.00592798 
0.90000000  0.13500000  0.63000000  4.50000000  |  -0.01606887 0.00000000  -0.05146902 0.00000000  0.00000000  
0.90000000  0.13500000  0.81000000  0.04500000  |  -0.01069440 0.00000000  -0.04532306 0.00000000  -0.00545271 
0.90000000  0.13500000  0.81000000  0.31500000  |  -0.01213056 0.00000000  -0.04561674 0.00000000  -0.00549735 
0.90000000  0.13500000  0.81000000  4.50000000  |  -0.01265930 0.00000000  -0.05330179 0.00000000  0.00000000  
0.90000000  0.13500000  4.50000000  0.04500000  |  0.00000000  0.00000000  -0.06195698 0.00000000  0.00000000  
0.90000000  0.13500000  4.50000000  0.31500000  |  0.00000000  0.00000000  -0.06256098 0.00000000  0.00000000  
0.90000000  0.13500000  4.50000000  4.50000000  |  0.00000000  0.00000000  -0.06329711 0.00000000  0.00000000  
0.90000000  0.90000000  0.02250000  0.04500000  |  -0.19120390 0.00000000  -0.02839781 0.00000000  -0.00530537 
0.90000000  0.90000000  0.02250000  0.31500000  |  -0.19440363 0.00000000  -0.02869996 0.00000000  -0.00535317 
0.90000000  0.90000000  0.02250000  4.50000000  |  -0.19323128 0.00000000  -0.03507687 0.00000000  0.00000000  
0.90000000  0.90000000  0.04050000  0.04500000  |  -0.12792917 0.00000000  -0.02890052 0.00000000  -0.00522550 
0.90000000  0.90000000  0.04050000  0.31500000  |  -0.12985443 0.00000000  -0.02921884 0.00000000  -0.00532097 
0.90000000  0.90000000  0.04050000  4.50000000  |  -0.12951557 0.00000000  -0.03563119 0.00000000  0.00000000  
0.90000000  0.90000000  0.04500000  0.04500000  |  -0.11867986 0.00000000  -0.02905973 0.00000000  -0.00525140 
0.90000000  0.90000000  0.04500000  0.31500000  |  -0.11973183 0.00000000  -0.02942612 0.00000000  -0.00538330 
0.90000000  0.90000000  0.04500000  4.50000000  |  -0.12105607 0.00000000  -0.03575740 0.00000000  0.00000000  
0.90000000  0.90000000  0.09000000  0.04500000  |  -0.07710472 0.00000000  -0.03024490 0.00000000  -0.00530033 
0.90000000  0.90000000  0.09000000  0.31500000  |  -0.07823716 0.00000000  -0.03075555 0.00000000  -0.00534598 
0.90000000  0.90000000  0.09000000  4.50000000  |  -0.07898693 0.00000000  -0.03695030 0.00000000  0.00000000  
0.90000000  0.90000000  0.13500000  0.04500000  |  -0.06008055 0.00000000  -0.03152240 0.00000000  -0.00538147 
0.90000000  0.90000000  0.13500000  0.31500000  |  -0.06108896 0.00000000  -0.03192708 0.00000000  -0.00533794 
0.90000000  0.90000000  0.13500000  4.50000000  |  -0.06091111 0.00000000  -0.03795848 0.00000000  0.00000000  
0.90000000  0.90000000  0.18000000  0.04500000  |  -0.05001286 0.00000000  -0.03262016 0.00000000  -0.00538123 
0.90000000  0.90000000  0.18000000  0.31500000  |  -0.05172863 0.00000000  -0.03292614 0.00000000  -0.00528832 
0.90000000  0.90000000  0.18000000  4.50000000  |  -0.05173151 0.00000000  -0.03931475 0.00000000  0.00000000  
0.90000000  0.90000000  0.22500000  0.04500000  |  -0.04396526 0.00000000  -0.03368267 0.00000000  -0.00522505 
0.90000000  0.90000000  0.22500000  0.31500000  |  -0.04387178 0.00000000  -0.03424492 0.00000000  -0.00540626 
0.90000000  0.90000000  0.22500000  4.50000000  |  -0.04503137 0.00000000  -0.04044801 0.00000000  0.00000000  
0.90000000  0.90000000  0.31500000  0.04500000  |  -0.03484476 0.00000000  -0.03579302 0.00000000  -0.00513984 
0.90000000  0.90000000  0.31500000  0.31500000  |  -0.03519189 0.00000000  -0.03618132 0.00000000  -0.00523947 
0.90000000  0.90000000  0.31500000  4.50000000  |  -0.03559677 0.00000000  -0.04233327 0.00000000  0.00000000  
0.90000000  0.90000000  0.45000000  0.04500000  |  -0.02670016 0.00000000  -0.03849633 0.00000000  -0.00497696 
0.90000000  0.90000000  0.45000000  0.31500000  |  -0.02742665 0.00000000  -0.03884480 0.00000000  -0.00510253 
0.90000000  0.90000000  0.45000000  4.50000000  |  -0.02732974 0.00000000  -0.04508298 0.00000000  0.00000000  
0.90000000  0.90000000  0.63000000  0.04500000  |  -0.02008813 0.00000000  -0.04164085 0.00000000  -0.00478067 
0.90000000  0.90000000  0.63000000  0.31500000  |  -0.02078813 0.00000000  -0.04200848 0.00000000  -0.00491668 
0.90000000  0.90000000  0.63000000  4.50000000  |  -0.02056040 0.00000000  -0.04796241 0.00000000  0.00000000  
0.90000000  0.90000000  0.81000000  0.04500000  |  -0.01577069 0.00000000  -0.04419405 0.00000000  -0.00464858 
0.90000000  0.90000000  0.81000000  0.31500000  |  -0.01653760 0.00000000  -0.04441695 0.00000000  -0.00477709 
0.90000000  0.90000000  0.81000000  4.50000000  |  -0.01583606 0.00000000  -0.05053670 0.00000000  0.00000000  
0.90000000  0.90000000  4.50000000  0.04500000  |  0.00000000  0.00000000  -0.06245063 0.00000000  0.00000000  
0.90000000  0.90000000  4.50000000  0.31500000  |  0.00000000  0.00000000  -0.06315037 0.00000000  0.00000000  
0.90000000  0.90000000  4.50000000  4.50000000  |  0.00000000  0.00000000  -0.06332119 0.00000000  0.00000000  
