****************************PATTERN SUB-metal3_PLATE2L **********************************
    w1          w2        space     edgeSpace   |      c12         c1t         c1b        c1tb         c1e
0.04500000  0.04500000  0.02250000  0.04500000  |  -0.15763602 0.00000000  -0.00299303 0.00000000  -0.00981141 
0.04500000  0.04500000  0.02250000  0.31500000  |  -0.16738794 0.00000000  -0.00461143 0.00000000  -0.00723151 
0.04500000  0.04500000  0.02250000  4.50000000  |  -0.16853067 0.00000000  -0.01168694 0.00000000  0.00000000  
0.04500000  0.04500000  0.04050000  0.04500000  |  -0.09429034 0.00000000  -0.00324860 0.00000000  -0.00947101 
0.04500000  0.04500000  0.04050000  0.31500000  |  -0.10378517 0.00000000  -0.00482533 0.00000000  -0.00714774 
0.04500000  0.04500000  0.04050000  4.50000000  |  -0.10626196 0.00000000  -0.01188454 0.00000000  0.00000000  
0.04500000  0.04500000  0.04500000  0.04500000  |  -0.08614415 0.00000000  -0.00331178 0.00000000  -0.00936607 
0.04500000  0.04500000  0.04500000  0.31500000  |  -0.09528236 0.00000000  -0.00487621 0.00000000  -0.00709230 
0.04500000  0.04500000  0.04500000  4.50000000  |  -0.09803751 0.00000000  -0.01195150 0.00000000  0.00000000  
0.04500000  0.04500000  0.09000000  0.04500000  |  -0.04808709 0.00000000  -0.00389727 0.00000000  -0.00869093 
0.04500000  0.04500000  0.09000000  0.31500000  |  -0.05605986 0.00000000  -0.00541909 0.00000000  -0.00684995 
0.04500000  0.04500000  0.09000000  4.50000000  |  -0.05848348 0.00000000  -0.01252160 0.00000000  0.00000000  
0.04500000  0.04500000  0.13500000  0.04500000  |  -0.03394782 0.00000000  -0.00443690 0.00000000  -0.00811431 
0.04500000  0.04500000  0.13500000  0.31500000  |  -0.04147390 0.00000000  -0.00590592 0.00000000  -0.00656951 
0.04500000  0.04500000  0.13500000  4.50000000  |  -0.04312445 0.00000000  -0.01306353 0.00000000  0.00000000  
0.04500000  0.04500000  0.18000000  0.04500000  |  -0.02650093 0.00000000  -0.00494069 0.00000000  -0.00753867 
0.04500000  0.04500000  0.18000000  0.31500000  |  -0.03275562 0.00000000  -0.00641034 0.00000000  -0.00638133 
0.04500000  0.04500000  0.18000000  4.50000000  |  -0.03503880 0.00000000  -0.01349353 0.00000000  0.00000000  
0.04500000  0.04500000  0.22500000  0.04500000  |  -0.02177575 0.00000000  -0.00541119 0.00000000  -0.00705843 
0.04500000  0.04500000  0.22500000  0.31500000  |  -0.02734345 0.00000000  -0.00687936 0.00000000  -0.00617931 
0.04500000  0.04500000  0.22500000  4.50000000  |  -0.02995509 0.00000000  -0.01396027 0.00000000  0.00000000  
0.04500000  0.04500000  0.31500000  0.04500000  |  -0.01597502 0.00000000  -0.00627882 0.00000000  -0.00637118 
0.04500000  0.04500000  0.31500000  0.31500000  |  -0.02093633 0.00000000  -0.00781970 0.00000000  -0.00573308 
0.04500000  0.04500000  0.31500000  4.50000000  |  -0.02299511 0.00000000  -0.01485901 0.00000000  0.00000000  
0.04500000  0.04500000  0.45000000  0.04500000  |  -0.01152405 0.00000000  -0.00748913 0.00000000  -0.00538025 
0.04500000  0.04500000  0.45000000  0.31500000  |  -0.01522847 0.00000000  -0.00913948 0.00000000  -0.00514172 
0.04500000  0.04500000  0.45000000  4.50000000  |  -0.01720958 0.00000000  -0.01599611 0.00000000  0.00000000  
0.04500000  0.04500000  0.63000000  0.04500000  |  -0.00828320 0.00000000  -0.00888702 0.00000000  -0.00449738 
0.04500000  0.04500000  0.63000000  0.31500000  |  -0.01106167 0.00000000  -0.01072655 0.00000000  -0.00459880 
0.04500000  0.04500000  0.63000000  4.50000000  |  -0.01257677 0.00000000  -0.01743708 0.00000000  0.00000000  
0.04500000  0.04500000  0.81000000  0.04500000  |  -0.00638609 0.00000000  -0.01012162 0.00000000  -0.00383027 
0.04500000  0.04500000  0.81000000  0.31500000  |  -0.00861768 0.00000000  -0.01210927 0.00000000  -0.00405048 
0.04500000  0.04500000  0.81000000  4.50000000  |  -0.00968780 0.00000000  -0.01858365 0.00000000  0.00000000  
0.04500000  0.04500000  4.50000000  0.04500000  |  0.00000000  0.00000000  -0.01945728 0.00000000  0.00000000  
0.04500000  0.04500000  4.50000000  0.31500000  |  0.00000000  0.00000000  -0.02317345 0.00000000  0.00000000  
0.04500000  0.04500000  4.50000000  4.50000000  |  0.00000000  0.00000000  -0.02552556 0.00000000  0.00000000  
0.04500000  0.13500000  0.02250000  0.04500000  |  -0.16392236 0.00000000  -0.00249845 0.00000000  -0.00513862 
0.04500000  0.13500000  0.02250000  0.31500000  |  -0.17189686 0.00000000  -0.00392868 0.00000000  -0.00500956 
0.04500000  0.13500000  0.02250000  4.50000000  |  -0.17504644 0.00000000  -0.00946683 0.00000000  0.00000000  
0.04500000  0.13500000  0.04050000  0.04500000  |  -0.10012390 0.00000000  -0.00274797 0.00000000  -0.00524993 
0.04500000  0.13500000  0.04050000  0.31500000  |  -0.10802679 0.00000000  -0.00417443 0.00000000  -0.00503667 
0.04500000  0.13500000  0.04050000  4.50000000  |  -0.11067799 0.00000000  -0.00981823 0.00000000  0.00000000  
0.04500000  0.13500000  0.04500000  0.04500000  |  -0.09197586 0.00000000  -0.00280742 0.00000000  -0.00527290 
0.04500000  0.13500000  0.04500000  0.31500000  |  -0.09986877 0.00000000  -0.00423439 0.00000000  -0.00505787 
0.04500000  0.13500000  0.04500000  4.50000000  |  -0.10214331 0.00000000  -0.00992819 0.00000000  0.00000000  
0.04500000  0.13500000  0.09000000  0.04500000  |  -0.05289791 0.00000000  -0.00337888 0.00000000  -0.00541644 
0.04500000  0.13500000  0.09000000  0.31500000  |  -0.05989898 0.00000000  -0.00478983 0.00000000  -0.00513269 
0.04500000  0.13500000  0.09000000  4.50000000  |  -0.06257132 0.00000000  -0.01069047 0.00000000  0.00000000  
0.04500000  0.13500000  0.13500000  0.04500000  |  -0.03821640 0.00000000  -0.00391715 0.00000000  -0.00544384 
0.04500000  0.13500000  0.13500000  0.31500000  |  -0.04442984 0.00000000  -0.00532643 0.00000000  -0.00511715 
0.04500000  0.13500000  0.13500000  4.50000000  |  -0.04691907 0.00000000  -0.01124212 0.00000000  0.00000000  
0.04500000  0.13500000  0.18000000  0.04500000  |  -0.03018827 0.00000000  -0.00442335 0.00000000  -0.00536128 
0.04500000  0.13500000  0.18000000  0.31500000  |  -0.03584732 0.00000000  -0.00584342 0.00000000  -0.00508653 
0.04500000  0.13500000  0.18000000  4.50000000  |  -0.03804924 0.00000000  -0.01190401 0.00000000  0.00000000  
0.04500000  0.13500000  0.22500000  0.04500000  |  -0.02498735 0.00000000  -0.00491332 0.00000000  -0.00528630 
0.04500000  0.13500000  0.22500000  0.31500000  |  -0.03004127 0.00000000  -0.00635359 0.00000000  -0.00501461 
0.04500000  0.13500000  0.22500000  4.50000000  |  -0.03249626 0.00000000  -0.01251389 0.00000000  0.00000000  
0.04500000  0.13500000  0.31500000  0.04500000  |  -0.01857667 0.00000000  -0.00580805 0.00000000  -0.00505208 
0.04500000  0.13500000  0.31500000  0.31500000  |  -0.02310545 0.00000000  -0.00732697 0.00000000  -0.00486910 
0.04500000  0.13500000  0.31500000  4.50000000  |  -0.02493358 0.00000000  -0.01354648 0.00000000  0.00000000  
0.04500000  0.13500000  0.45000000  0.04500000  |  -0.01345129 0.00000000  -0.00705824 0.00000000  -0.00453829 
0.04500000  0.13500000  0.45000000  0.31500000  |  -0.01698385 0.00000000  -0.00867268 0.00000000  -0.00462062 
0.04500000  0.13500000  0.45000000  4.50000000  |  -0.01881452 0.00000000  -0.01491105 0.00000000  0.00000000  
0.04500000  0.13500000  0.63000000  0.04500000  |  -0.00977369 0.00000000  -0.00846963 0.00000000  -0.00402144 
0.04500000  0.13500000  0.63000000  0.31500000  |  -0.01238424 0.00000000  -0.01035796 0.00000000  -0.00414062 
0.04500000  0.13500000  0.63000000  4.50000000  |  -0.01380363 0.00000000  -0.01644036 0.00000000  0.00000000  
0.04500000  0.13500000  0.81000000  0.04500000  |  -0.00746768 0.00000000  -0.00977493 0.00000000  -0.00359938 
0.04500000  0.13500000  0.81000000  0.31500000  |  -0.00968322 0.00000000  -0.01179359 0.00000000  -0.00373746 
0.04500000  0.13500000  0.81000000  4.50000000  |  -0.01054468 0.00000000  -0.01793705 0.00000000  0.00000000  
0.04500000  0.13500000  4.50000000  0.04500000  |  0.00000000  0.00000000  -0.01946397 0.00000000  0.00000000  
0.04500000  0.13500000  4.50000000  0.31500000  |  0.00000000  0.00000000  -0.02326943 0.00000000  0.00000000  
0.04500000  0.13500000  4.50000000  4.50000000  |  0.00000000  0.00000000  -0.02566422 0.00000000  0.00000000  
0.04500000  0.90000000  0.02250000  0.04500000  |  -0.16906812 0.00000000  -0.00203337 0.00000000  -0.00123980 
0.04500000  0.90000000  0.02250000  0.31500000  |  -0.17741057 0.00000000  -0.00323179 0.00000000  -0.00182645 
0.04500000  0.90000000  0.02250000  4.50000000  |  -0.18017967 0.00000000  -0.00615736 0.00000000  0.00000000  
0.04500000  0.90000000  0.04050000  0.04500000  |  -0.10526495 0.00000000  -0.00225606 0.00000000  -0.00134288 
0.04500000  0.90000000  0.04050000  0.31500000  |  -0.11305212 0.00000000  -0.00346696 0.00000000  -0.00196168 
0.04500000  0.90000000  0.04050000  4.50000000  |  -0.11423224 0.00000000  -0.00642269 0.00000000  0.00000000  
0.04500000  0.90000000  0.04500000  0.04500000  |  -0.09694630 0.00000000  -0.00231437 0.00000000  -0.00137248 
0.04500000  0.90000000  0.04500000  0.31500000  |  -0.10541481 0.00000000  -0.00354256 0.00000000  -0.00191607 
0.04500000  0.90000000  0.04500000  4.50000000  |  -0.10707137 0.00000000  -0.00656391 0.00000000  0.00000000  
0.04500000  0.90000000  0.09000000  0.04500000  |  -0.05811191 0.00000000  -0.00282724 0.00000000  -0.00160466 
0.04500000  0.90000000  0.09000000  0.31500000  |  -0.06491648 0.00000000  -0.00408901 0.00000000  -0.00209878 
0.04500000  0.90000000  0.09000000  4.50000000  |  -0.06754025 0.00000000  -0.00736622 0.00000000  0.00000000  
0.04500000  0.90000000  0.13500000  0.04500000  |  -0.04333148 0.00000000  -0.00338250 0.00000000  -0.00179500 
0.04500000  0.90000000  0.13500000  0.31500000  |  -0.04920565 0.00000000  -0.00463426 0.00000000  -0.00225705 
0.04500000  0.90000000  0.13500000  4.50000000  |  -0.05138247 0.00000000  -0.00799351 0.00000000  0.00000000  
0.04500000  0.90000000  0.18000000  0.04500000  |  -0.03513415 0.00000000  -0.00386635 0.00000000  -0.00195308 
0.04500000  0.90000000  0.18000000  0.31500000  |  -0.04039749 0.00000000  -0.00518456 0.00000000  -0.00236780 
0.04500000  0.90000000  0.18000000  4.50000000  |  -0.04251797 0.00000000  -0.00867205 0.00000000  0.00000000  
0.04500000  0.90000000  0.22500000  0.04500000  |  -0.02994902 0.00000000  -0.00433147 0.00000000  -0.00208090 
0.04500000  0.90000000  0.22500000  0.31500000  |  -0.03459528 0.00000000  -0.00571858 0.00000000  -0.00247625 
0.04500000  0.90000000  0.22500000  4.50000000  |  -0.03641903 0.00000000  -0.00945375 0.00000000  0.00000000  
0.04500000  0.90000000  0.31500000  0.04500000  |  -0.02317332 0.00000000  -0.00520396 0.00000000  -0.00228200 
0.04500000  0.90000000  0.31500000  0.31500000  |  -0.02719656 0.00000000  -0.00668776 0.00000000  -0.00265967 
0.04500000  0.90000000  0.31500000  4.50000000  |  -0.02912878 0.00000000  -0.01067892 0.00000000  0.00000000  
0.04500000  0.90000000  0.45000000  0.04500000  |  -0.01738642 0.00000000  -0.00642636 0.00000000  -0.00246567 
0.04500000  0.90000000  0.45000000  0.31500000  |  -0.02074427 0.00000000  -0.00805992 0.00000000  -0.00278100 
0.04500000  0.90000000  0.45000000  4.50000000  |  -0.02241114 0.00000000  -0.01228759 0.00000000  0.00000000  
0.04500000  0.90000000  0.63000000  0.04500000  |  -0.01295913 0.00000000  -0.00787727 0.00000000  -0.00258425 
0.04500000  0.90000000  0.63000000  0.31500000  |  -0.01557948 0.00000000  -0.00977915 0.00000000  -0.00281067 
0.04500000  0.90000000  0.63000000  4.50000000  |  -0.01696024 0.00000000  -0.01418114 0.00000000  0.00000000  
0.04500000  0.90000000  0.81000000  0.04500000  |  -0.01029426 0.00000000  -0.00915220 0.00000000  -0.00248052 
0.04500000  0.90000000  0.81000000  0.31500000  |  -0.01244190 0.00000000  -0.01128103 0.00000000  -0.00282069 
0.04500000  0.90000000  0.81000000  4.50000000  |  -0.01348533 0.00000000  -0.01576588 0.00000000  0.00000000  
0.04500000  0.90000000  4.50000000  0.04500000  |  0.00000000  0.00000000  -0.01964418 0.00000000  0.00000000  
0.04500000  0.90000000  4.50000000  0.31500000  |  0.00000000  0.00000000  -0.02351377 0.00000000  0.00000000  
0.04500000  0.90000000  4.50000000  4.50000000  |  0.00000000  0.00000000  -0.02568700 0.00000000  0.00000000  
0.13500000  0.04500000  0.02250000  0.04500000  |  -0.16299970 0.00000000  -0.00530649 0.00000000  -0.01399582 
0.13500000  0.04500000  0.02250000  0.31500000  |  -0.17143502 0.00000000  -0.00690082 0.00000000  -0.00936827 
0.13500000  0.04500000  0.02250000  4.50000000  |  -0.17492589 0.00000000  -0.01586486 0.00000000  0.00000000  
0.13500000  0.04500000  0.04050000  0.04500000  |  -0.09974874 0.00000000  -0.00551767 0.00000000  -0.01311253 
0.13500000  0.04500000  0.04050000  0.31500000  |  -0.10803179 0.00000000  -0.00708697 0.00000000  -0.00906426 
0.13500000  0.04500000  0.04050000  4.50000000  |  -0.11011021 0.00000000  -0.01594382 0.00000000  0.00000000  
0.13500000  0.04500000  0.04500000  0.04500000  |  -0.09150640 0.00000000  -0.00557202 0.00000000  -0.01292412 
0.13500000  0.04500000  0.04500000  0.31500000  |  -0.09957086 0.00000000  -0.00712823 0.00000000  -0.00900368 
0.13500000  0.04500000  0.04500000  4.50000000  |  -0.10192019 0.00000000  -0.01597255 0.00000000  0.00000000  
0.13500000  0.04500000  0.09000000  0.04500000  |  -0.05257465 0.00000000  -0.00611501 0.00000000  -0.01130988 
0.13500000  0.04500000  0.09000000  0.31500000  |  -0.05956741 0.00000000  -0.00762828 0.00000000  -0.00843858 
0.13500000  0.04500000  0.09000000  4.50000000  |  -0.06270478 0.00000000  -0.01619577 0.00000000  0.00000000  
0.13500000  0.04500000  0.13500000  0.04500000  |  -0.03796291 0.00000000  -0.00663639 0.00000000  -0.01022833 
0.13500000  0.04500000  0.13500000  0.31500000  |  -0.04400329 0.00000000  -0.00814786 0.00000000  -0.00792229 
0.13500000  0.04500000  0.13500000  4.50000000  |  -0.04680425 0.00000000  -0.01655878 0.00000000  0.00000000  
0.13500000  0.04500000  0.18000000  0.04500000  |  -0.03016058 0.00000000  -0.00715197 0.00000000  -0.00949509 
0.13500000  0.04500000  0.18000000  0.31500000  |  -0.03569274 0.00000000  -0.00865107 0.00000000  -0.00752216 
0.13500000  0.04500000  0.18000000  4.50000000  |  -0.03851001 0.00000000  -0.01695941 0.00000000  0.00000000  
0.13500000  0.04500000  0.22500000  0.04500000  |  -0.02478198 0.00000000  -0.00768315 0.00000000  -0.00870938 
0.13500000  0.04500000  0.22500000  0.31500000  |  -0.03012536 0.00000000  -0.00915685 0.00000000  -0.00713273 
0.13500000  0.04500000  0.22500000  4.50000000  |  -0.03204958 0.00000000  -0.01728298 0.00000000  0.00000000  
0.13500000  0.04500000  0.31500000  0.04500000  |  -0.01847522 0.00000000  -0.00864544 0.00000000  -0.00768487 
0.13500000  0.04500000  0.31500000  0.31500000  |  -0.02296227 0.00000000  -0.01017405 0.00000000  -0.00649789 
0.13500000  0.04500000  0.31500000  4.50000000  |  -0.02476553 0.00000000  -0.01823721 0.00000000  0.00000000  
0.13500000  0.04500000  0.45000000  0.04500000  |  -0.01334451 0.00000000  -0.01002925 0.00000000  -0.00639413 
0.13500000  0.04500000  0.45000000  0.31500000  |  -0.01689779 0.00000000  -0.01158114 0.00000000  -0.00590108 
0.13500000  0.04500000  0.45000000  4.50000000  |  -0.01859770 0.00000000  -0.01938434 0.00000000  0.00000000  
0.13500000  0.04500000  0.63000000  0.04500000  |  -0.00958063 0.00000000  -0.01164483 0.00000000  -0.00535305 
0.13500000  0.04500000  0.63000000  0.31500000  |  -0.01242222 0.00000000  -0.01334353 0.00000000  -0.00513837 
0.13500000  0.04500000  0.63000000  4.50000000  |  -0.01385696 0.00000000  -0.02078884 0.00000000  0.00000000  
0.13500000  0.04500000  0.81000000  0.04500000  |  -0.00736202 0.00000000  -0.01312121 0.00000000  -0.00448963 
0.13500000  0.04500000  0.81000000  0.31500000  |  -0.00965128 0.00000000  -0.01488929 0.00000000  -0.00448052 
0.13500000  0.04500000  0.81000000  4.50000000  |  -0.01073633 0.00000000  -0.02193574 0.00000000  0.00000000  
0.13500000  0.04500000  4.50000000  0.04500000  |  0.00000000  0.00000000  -0.02389491 0.00000000  0.00000000  
0.13500000  0.04500000  4.50000000  0.31500000  |  0.00000000  0.00000000  -0.02731107 0.00000000  0.00000000  
0.13500000  0.04500000  4.50000000  4.50000000  |  0.00000000  0.00000000  -0.02981419 0.00000000  0.00000000  
0.13500000  0.13500000  0.02250000  0.04500000  |  -0.17227186 0.00000000  -0.00455395 0.00000000  -0.00794268 
0.13500000  0.13500000  0.02250000  0.31500000  |  -0.17732827 0.00000000  -0.00607564 0.00000000  -0.00666191 
0.13500000  0.13500000  0.02250000  4.50000000  |  -0.17983879 0.00000000  -0.01333201 0.00000000  0.00000000  
0.13500000  0.13500000  0.04050000  0.04500000  |  -0.10760847 0.00000000  -0.00479140 0.00000000  -0.00779933 
0.13500000  0.13500000  0.04050000  0.31500000  |  -0.11308432 0.00000000  -0.00629482 0.00000000  -0.00657377 
0.13500000  0.13500000  0.04050000  4.50000000  |  -0.11631650 0.00000000  -0.01352336 0.00000000  0.00000000  
0.13500000  0.13500000  0.04500000  0.04500000  |  -0.09934740 0.00000000  -0.00484850 0.00000000  -0.00776503 
0.13500000  0.13500000  0.04500000  0.31500000  |  -0.10515933 0.00000000  -0.00634875 0.00000000  -0.00659373 
0.13500000  0.13500000  0.04500000  4.50000000  |  -0.10805149 0.00000000  -0.01358026 0.00000000  0.00000000  
0.13500000  0.13500000  0.09000000  0.04500000  |  -0.05885664 0.00000000  -0.00541668 0.00000000  -0.00744747 
0.13500000  0.13500000  0.09000000  0.31500000  |  -0.06407537 0.00000000  -0.00689697 0.00000000  -0.00639758 
0.13500000  0.13500000  0.09000000  4.50000000  |  -0.06526614 0.00000000  -0.01417868 0.00000000  0.00000000  
0.13500000  0.13500000  0.13500000  0.04500000  |  -0.04319636 0.00000000  -0.00597227 0.00000000  -0.00717678 
0.13500000  0.13500000  0.13500000  0.31500000  |  -0.04836818 0.00000000  -0.00743812 0.00000000  -0.00625501 
0.13500000  0.13500000  0.13500000  4.50000000  |  -0.05061695 0.00000000  -0.01466546 0.00000000  0.00000000  
0.13500000  0.13500000  0.18000000  0.04500000  |  -0.03446663 0.00000000  -0.00652629 0.00000000  -0.00691225 
0.13500000  0.13500000  0.18000000  0.31500000  |  -0.03912708 0.00000000  -0.00800040 0.00000000  -0.00611062 
0.13500000  0.13500000  0.18000000  4.50000000  |  -0.04073546 0.00000000  -0.01522416 0.00000000  0.00000000  
0.13500000  0.13500000  0.22500000  0.04500000  |  -0.02876325 0.00000000  -0.00706428 0.00000000  -0.00660299 
0.13500000  0.13500000  0.22500000  0.31500000  |  -0.03293457 0.00000000  -0.00851384 0.00000000  -0.00601256 
0.13500000  0.13500000  0.22500000  4.50000000  |  -0.03555674 0.00000000  -0.01575432 0.00000000  0.00000000  
0.13500000  0.13500000  0.31500000  0.04500000  |  -0.02157868 0.00000000  -0.00808058 0.00000000  -0.00617675 
0.13500000  0.13500000  0.31500000  0.31500000  |  -0.02524170 0.00000000  -0.00954817 0.00000000  -0.00567579 
0.13500000  0.13500000  0.31500000  4.50000000  |  -0.02706482 0.00000000  -0.01679174 0.00000000  0.00000000  
0.13500000  0.13500000  0.45000000  0.04500000  |  -0.01572972 0.00000000  -0.00948008 0.00000000  -0.00545645 
0.13500000  0.13500000  0.45000000  0.31500000  |  -0.01883006 0.00000000  -0.01109323 0.00000000  -0.00517183 
0.13500000  0.13500000  0.45000000  4.50000000  |  -0.02055205 0.00000000  -0.01804155 0.00000000  0.00000000  
0.13500000  0.13500000  0.63000000  0.04500000  |  -0.01136660 0.00000000  -0.01120921 0.00000000  -0.00479010 
0.13500000  0.13500000  0.63000000  0.31500000  |  -0.01380889 0.00000000  -0.01293146 0.00000000  -0.00469864 
0.13500000  0.13500000  0.63000000  4.50000000  |  -0.01480744 0.00000000  -0.02003679 0.00000000  0.00000000  
0.13500000  0.13500000  0.81000000  0.04500000  |  -0.00867175 0.00000000  -0.01272349 0.00000000  -0.00428465 
0.13500000  0.13500000  0.81000000  0.31500000  |  -0.01062841 0.00000000  -0.01445722 0.00000000  -0.00427562 
0.13500000  0.13500000  0.81000000  4.50000000  |  -0.01190616 0.00000000  -0.02125393 0.00000000  0.00000000  
0.13500000  0.13500000  4.50000000  0.04500000  |  0.00000000  0.00000000  -0.02396338 0.00000000  0.00000000  
0.13500000  0.13500000  4.50000000  0.31500000  |  0.00000000  0.00000000  -0.02735614 0.00000000  0.00000000  
0.13500000  0.13500000  4.50000000  4.50000000  |  0.00000000  0.00000000  -0.02979636 0.00000000  0.00000000  
0.13500000  0.90000000  0.02250000  0.04500000  |  -0.17995093 0.00000000  -0.00379902 0.00000000  -0.00210694 
0.13500000  0.90000000  0.02250000  0.31500000  |  -0.18570340 0.00000000  -0.00515634 0.00000000  -0.00253890 
0.13500000  0.90000000  0.02250000  4.50000000  |  -0.18529247 0.00000000  -0.00901728 0.00000000  0.00000000  
0.13500000  0.90000000  0.04050000  0.04500000  |  -0.11523343 0.00000000  -0.00403306 0.00000000  -0.00217893 
0.13500000  0.90000000  0.04050000  0.31500000  |  -0.12009140 0.00000000  -0.00538143 0.00000000  -0.00259546 
0.13500000  0.90000000  0.04050000  4.50000000  |  -0.12071379 0.00000000  -0.00930213 0.00000000  0.00000000  
0.13500000  0.90000000  0.04500000  0.04500000  |  -0.10702995 0.00000000  -0.00407962 0.00000000  -0.00219785 
0.13500000  0.90000000  0.04500000  0.31500000  |  -0.11175175 0.00000000  -0.00545708 0.00000000  -0.00261548 
0.13500000  0.90000000  0.04500000  4.50000000  |  -0.11064784 0.00000000  -0.00940406 0.00000000  0.00000000  
0.13500000  0.90000000  0.09000000  0.04500000  |  -0.06627366 0.00000000  -0.00464120 0.00000000  -0.00237608 
0.13500000  0.90000000  0.09000000  0.31500000  |  -0.07033426 0.00000000  -0.00603011 0.00000000  -0.00276171 
0.13500000  0.90000000  0.09000000  4.50000000  |  -0.07250454 0.00000000  -0.01010518 0.00000000  0.00000000  
0.13500000  0.90000000  0.13500000  0.04500000  |  -0.05017843 0.00000000  -0.00519895 0.00000000  -0.00253259 
0.13500000  0.90000000  0.13500000  0.31500000  |  -0.05380513 0.00000000  -0.00660069 0.00000000  -0.00289448 
0.13500000  0.90000000  0.13500000  4.50000000  |  -0.05544959 0.00000000  -0.01071678 0.00000000  0.00000000  
0.13500000  0.90000000  0.18000000  0.04500000  |  -0.04116944 0.00000000  -0.00574099 0.00000000  -0.00266633 
0.13500000  0.90000000  0.18000000  0.31500000  |  -0.04485709 0.00000000  -0.00716935 0.00000000  -0.00291244 
0.13500000  0.90000000  0.18000000  4.50000000  |  -0.04616274 0.00000000  -0.01140900 0.00000000  0.00000000  
0.13500000  0.90000000  0.22500000  0.04500000  |  -0.03493699 0.00000000  -0.00628589 0.00000000  -0.00278839 
0.13500000  0.90000000  0.22500000  0.31500000  |  -0.03874623 0.00000000  -0.00774876 0.00000000  -0.00298182 
0.13500000  0.90000000  0.22500000  4.50000000  |  -0.04019294 0.00000000  -0.01222827 0.00000000  0.00000000  
0.13500000  0.90000000  0.31500000  0.04500000  |  -0.02770631 0.00000000  -0.00733645 0.00000000  -0.00270832 
0.13500000  0.90000000  0.31500000  0.31500000  |  -0.03052338 0.00000000  -0.00883252 0.00000000  -0.00311329 
0.13500000  0.90000000  0.31500000  4.50000000  |  -0.03199254 0.00000000  -0.01337553 0.00000000  0.00000000  
0.13500000  0.90000000  0.45000000  0.04500000  |  -0.02074790 0.00000000  -0.00879853 0.00000000  -0.00290501 
0.13500000  0.90000000  0.45000000  0.31500000  |  -0.02301430 0.00000000  -0.01029283 0.00000000  -0.00329859 
0.13500000  0.90000000  0.45000000  4.50000000  |  -0.02438721 0.00000000  -0.01514022 0.00000000  0.00000000  
0.13500000  0.90000000  0.63000000  0.04500000  |  -0.01558653 0.00000000  -0.01051036 0.00000000  -0.00288582 
0.13500000  0.90000000  0.63000000  0.31500000  |  -0.01731134 0.00000000  -0.01219171 0.00000000  -0.00332157 
0.13500000  0.90000000  0.63000000  4.50000000  |  -0.01833766 0.00000000  -0.01751796 0.00000000  0.00000000  
0.13500000  0.90000000  0.81000000  0.04500000  |  -0.01241709 0.00000000  -0.01200640 0.00000000  -0.00282855 
0.13500000  0.90000000  0.81000000  0.31500000  |  -0.01373981 0.00000000  -0.01381689 0.00000000  -0.00325413 
0.13500000  0.90000000  0.81000000  4.50000000  |  -0.01457599 0.00000000  -0.01907629 0.00000000  0.00000000  
0.13500000  0.90000000  4.50000000  0.04500000  |  0.00000000  0.00000000  -0.02425403 0.00000000  0.00000000  
0.13500000  0.90000000  4.50000000  0.31500000  |  0.00000000  0.00000000  -0.02761778 0.00000000  0.00000000  
0.13500000  0.90000000  4.50000000  4.50000000  |  0.00000000  0.00000000  -0.02974645 0.00000000  0.00000000  
0.90000000  0.04500000  0.02250000  0.04500000  |  -0.16813592 0.00000000  -0.02287259 0.00000000  -0.02096281 
0.90000000  0.04500000  0.02250000  0.31500000  |  -0.17519415 0.00000000  -0.02320372 0.00000000  -0.01402362 
0.90000000  0.04500000  0.02250000  4.50000000  |  -0.17424692 0.00000000  -0.03697836 0.00000000  0.00000000  
0.90000000  0.04500000  0.04050000  0.04500000  |  -0.10323022 0.00000000  -0.02303643 0.00000000  -0.01964987 
0.90000000  0.04500000  0.04050000  0.31500000  |  -0.11051613 0.00000000  -0.02350007 0.00000000  -0.01345530 
0.90000000  0.04500000  0.04050000  4.50000000  |  -0.11074470 0.00000000  -0.03673269 0.00000000  0.00000000  
0.90000000  0.04500000  0.04500000  0.04500000  |  -0.09534093 0.00000000  -0.02309908 0.00000000  -0.01924736 
0.90000000  0.04500000  0.04500000  0.31500000  |  -0.10287216 0.00000000  -0.02350529 0.00000000  -0.01334990 
0.90000000  0.04500000  0.04500000  4.50000000  |  -0.10241343 0.00000000  -0.03674478 0.00000000  0.00000000  
0.90000000  0.04500000  0.09000000  0.04500000  |  -0.05750860 0.00000000  -0.02376827 0.00000000  -0.01683906 
0.90000000  0.04500000  0.09000000  0.31500000  |  -0.06419952 0.00000000  -0.02408273 0.00000000  -0.01235187 
0.90000000  0.04500000  0.09000000  4.50000000  |  -0.06568352 0.00000000  -0.03674250 0.00000000  0.00000000  
0.90000000  0.04500000  0.13500000  0.04500000  |  -0.04205255 0.00000000  -0.02437482 0.00000000  -0.01507223 
0.90000000  0.04500000  0.13500000  0.31500000  |  -0.04885692 0.00000000  -0.02474325 0.00000000  -0.01150302 
0.90000000  0.04500000  0.13500000  4.50000000  |  -0.04962561 0.00000000  -0.03708678 0.00000000  0.00000000  
0.90000000  0.04500000  0.18000000  0.04500000  |  -0.03489958 0.00000000  -0.02509736 0.00000000  -0.01379903 
0.90000000  0.04500000  0.18000000  0.31500000  |  -0.03977967 0.00000000  -0.02534681 0.00000000  -0.01081293 
0.90000000  0.04500000  0.18000000  4.50000000  |  -0.04207724 0.00000000  -0.03710995 0.00000000  0.00000000  
0.90000000  0.04500000  0.22500000  0.04500000  |  -0.02962379 0.00000000  -0.02572540 0.00000000  -0.01274797 
0.90000000  0.04500000  0.22500000  0.31500000  |  -0.03414653 0.00000000  -0.02598251 0.00000000  -0.01026349 
0.90000000  0.04500000  0.22500000  4.50000000  |  -0.03648528 0.00000000  -0.03763611 0.00000000  0.00000000  
0.90000000  0.04500000  0.31500000  0.04500000  |  -0.02253542 0.00000000  -0.02699060 0.00000000  -0.01129589 
0.90000000  0.04500000  0.31500000  0.31500000  |  -0.02684813 0.00000000  -0.02719373 0.00000000  -0.00933134 
0.90000000  0.04500000  0.31500000  4.50000000  |  -0.02829706 0.00000000  -0.03852182 0.00000000  0.00000000  
0.90000000  0.04500000  0.45000000  0.04500000  |  -0.01692354 0.00000000  -0.02874497 0.00000000  -0.00941136 
0.90000000  0.04500000  0.45000000  0.31500000  |  -0.02039821 0.00000000  -0.02893881 0.00000000  -0.00836318 
0.90000000  0.04500000  0.45000000  4.50000000  |  -0.02217794 0.00000000  -0.03989087 0.00000000  0.00000000  
0.90000000  0.04500000  0.63000000  0.04500000  |  -0.01292646 0.00000000  -0.03103848 0.00000000  -0.00753475 
0.90000000  0.04500000  0.63000000  0.31500000  |  -0.01518003 0.00000000  -0.03136388 0.00000000  -0.00734289 
0.90000000  0.04500000  0.63000000  4.50000000  |  -0.01683129 0.00000000  -0.04098395 0.00000000  0.00000000  
0.90000000  0.04500000  0.81000000  0.04500000  |  -0.01027483 0.00000000  -0.03314045 0.00000000  -0.00647088 
0.90000000  0.04500000  0.81000000  0.31500000  |  -0.01216853 0.00000000  -0.03334826 0.00000000  -0.00649936 
0.90000000  0.04500000  0.81000000  4.50000000  |  -0.01378444 0.00000000  -0.04227618 0.00000000  0.00000000  
0.90000000  0.04500000  4.50000000  0.04500000  |  0.00000000  0.00000000  -0.04993977 0.00000000  0.00000000  
0.90000000  0.04500000  4.50000000  0.31500000  |  0.00000000  0.00000000  -0.05073528 0.00000000  0.00000000  
0.90000000  0.04500000  4.50000000  4.50000000  |  0.00000000  0.00000000  -0.05229088 0.00000000  0.00000000  
0.90000000  0.13500000  0.02250000  0.04500000  |  -0.17860426 0.00000000  -0.02148322 0.00000000  -0.01459458 
0.90000000  0.13500000  0.02250000  0.31500000  |  -0.18398067 0.00000000  -0.02194338 0.00000000  -0.01124102 
0.90000000  0.13500000  0.02250000  4.50000000  |  -0.18282811 0.00000000  -0.03374644 0.00000000  0.00000000  
0.90000000  0.13500000  0.04050000  0.04500000  |  -0.11308244 0.00000000  -0.02182375 0.00000000  -0.01361829 
0.90000000  0.13500000  0.04050000  0.31500000  |  -0.11897394 0.00000000  -0.02221846 0.00000000  -0.01100462 
0.90000000  0.13500000  0.04050000  4.50000000  |  -0.12078903 0.00000000  -0.03386894 0.00000000  0.00000000  
0.90000000  0.13500000  0.04500000  0.04500000  |  -0.10619995 0.00000000  -0.02184431 0.00000000  -0.01393653 
0.90000000  0.13500000  0.04500000  0.31500000  |  -0.11080301 0.00000000  -0.02227897 0.00000000  -0.01091930 
0.90000000  0.13500000  0.04500000  4.50000000  |  -0.11047115 0.00000000  -0.03380240 0.00000000  0.00000000  
0.90000000  0.13500000  0.09000000  0.04500000  |  -0.06581651 0.00000000  -0.02258930 0.00000000  -0.01285163 
0.90000000  0.13500000  0.09000000  0.31500000  |  -0.06989509 0.00000000  -0.02301401 0.00000000  -0.01038595 
0.90000000  0.13500000  0.09000000  4.50000000  |  -0.07132739 0.00000000  -0.03423215 0.00000000  0.00000000  
0.90000000  0.13500000  0.13500000  0.04500000  |  -0.04951961 0.00000000  -0.02334016 0.00000000  -0.01202300 
0.90000000  0.13500000  0.13500000  0.31500000  |  -0.05382522 0.00000000  -0.02375572 0.00000000  -0.00982327 
0.90000000  0.13500000  0.13500000  4.50000000  |  -0.05462451 0.00000000  -0.03446578 0.00000000  0.00000000  
0.90000000  0.13500000  0.18000000  0.04500000  |  -0.04062874 0.00000000  -0.02404274 0.00000000  -0.01130537 
0.90000000  0.13500000  0.18000000  0.31500000  |  -0.04441082 0.00000000  -0.02445904 0.00000000  -0.00931808 
0.90000000  0.13500000  0.18000000  4.50000000  |  -0.04640090 0.00000000  -0.03495156 0.00000000  0.00000000  
0.90000000  0.13500000  0.22500000  0.04500000  |  -0.03429341 0.00000000  -0.02472051 0.00000000  -0.01057443 
0.90000000  0.13500000  0.22500000  0.31500000  |  -0.03810240 0.00000000  -0.02505898 0.00000000  -0.00897142 
0.90000000  0.13500000  0.22500000  4.50000000  |  -0.03972272 0.00000000  -0.03587170 0.00000000  0.00000000  
0.90000000  0.13500000  0.31500000  0.04500000  |  -0.02682580 0.00000000  -0.02603353 0.00000000  -0.00953270 
0.90000000  0.13500000  0.31500000  0.31500000  |  -0.03016112 0.00000000  -0.02644229 0.00000000  -0.00832940 
0.90000000  0.13500000  0.31500000  4.50000000  |  -0.03099301 0.00000000  -0.03665213 0.00000000  0.00000000  
0.90000000  0.13500000  0.45000000  0.04500000  |  -0.02038785 0.00000000  -0.02804894 0.00000000  -0.00828402 
0.90000000  0.13500000  0.45000000  0.31500000  |  -0.02283946 0.00000000  -0.02842096 0.00000000  -0.00760127 
0.90000000  0.13500000  0.45000000  4.50000000  |  -0.02431187 0.00000000  -0.03812375 0.00000000  0.00000000  
0.90000000  0.13500000  0.63000000  0.04500000  |  -0.01546597 0.00000000  -0.03049104 0.00000000  -0.00715573 
0.90000000  0.13500000  0.63000000  0.31500000  |  -0.01749669 0.00000000  -0.03087551 0.00000000  -0.00671803 
0.90000000  0.13500000  0.63000000  4.50000000  |  -0.01837637 0.00000000  -0.04013710 0.00000000  0.00000000  
0.90000000  0.13500000  0.81000000  0.04500000  |  -0.01215120 0.00000000  -0.03266904 0.00000000  -0.00626906 
0.90000000  0.13500000  0.81000000  0.31500000  |  -0.01353051 0.00000000  -0.03308452 0.00000000  -0.00625777 
0.90000000  0.13500000  0.81000000  4.50000000  |  -0.01495765 0.00000000  -0.04148652 0.00000000  0.00000000  
0.90000000  0.13500000  4.50000000  0.04500000  |  0.00000000  0.00000000  -0.05028429 0.00000000  0.00000000  
0.90000000  0.13500000  4.50000000  0.31500000  |  0.00000000  0.00000000  -0.05085584 0.00000000  0.00000000  
0.90000000  0.13500000  4.50000000  4.50000000  |  0.00000000  0.00000000  -0.05226218 0.00000000  0.00000000  
0.90000000  0.90000000  0.02250000  0.04500000  |  -0.19299358 0.00000000  -0.01992947 0.00000000  -0.00573399 
0.90000000  0.90000000  0.02250000  0.31500000  |  -0.19630374 0.00000000  -0.02036975 0.00000000  -0.00578121 
0.90000000  0.90000000  0.02250000  4.50000000  |  -0.19582815 0.00000000  -0.02716175 0.00000000  0.00000000  
0.90000000  0.90000000  0.04050000  0.04500000  |  -0.12963651 0.00000000  -0.02024768 0.00000000  -0.00567325 
0.90000000  0.90000000  0.04050000  0.31500000  |  -0.13168601 0.00000000  -0.02070057 0.00000000  -0.00573621 
0.90000000  0.90000000  0.04050000  4.50000000  |  -0.13225742 0.00000000  -0.02754205 0.00000000  0.00000000  
0.90000000  0.90000000  0.04500000  0.04500000  |  -0.12099225 0.00000000  -0.02034742 0.00000000  -0.00574492 
0.90000000  0.90000000  0.04500000  0.31500000  |  -0.12161818 0.00000000  -0.02092805 0.00000000  -0.00578688 
0.90000000  0.90000000  0.04500000  4.50000000  |  -0.12358587 0.00000000  -0.02760952 0.00000000  0.00000000  
0.90000000  0.90000000  0.09000000  0.04500000  |  -0.07882822 0.00000000  -0.02117417 0.00000000  -0.00573367 
0.90000000  0.90000000  0.09000000  0.31500000  |  -0.08067486 0.00000000  -0.02162714 0.00000000  -0.00578883 
0.90000000  0.90000000  0.09000000  4.50000000  |  -0.08158301 0.00000000  -0.02843206 0.00000000  0.00000000  
0.90000000  0.90000000  0.13500000  0.04500000  |  -0.06217569 0.00000000  -0.02200297 0.00000000  -0.00570428 
0.90000000  0.90000000  0.13500000  0.31500000  |  -0.06301087 0.00000000  -0.02250164 0.00000000  -0.00577701 
0.90000000  0.90000000  0.13500000  4.50000000  |  -0.06404636 0.00000000  -0.02912867 0.00000000  0.00000000  
0.90000000  0.90000000  0.18000000  0.04500000  |  -0.05197643 0.00000000  -0.02276517 0.00000000  -0.00587117 
0.90000000  0.90000000  0.18000000  0.31500000  |  -0.05358257 0.00000000  -0.02335238 0.00000000  -0.00571982 
0.90000000  0.90000000  0.18000000  4.50000000  |  -0.05436331 0.00000000  -0.02991125 0.00000000  0.00000000  
0.90000000  0.90000000  0.22500000  0.04500000  |  -0.04582440 0.00000000  -0.02355679 0.00000000  -0.00564624 
0.90000000  0.90000000  0.22500000  0.31500000  |  -0.04614182 0.00000000  -0.02400160 0.00000000  -0.00578010 
0.90000000  0.90000000  0.22500000  4.50000000  |  -0.04778721 0.00000000  -0.03077035 0.00000000  0.00000000  
0.90000000  0.90000000  0.31500000  0.04500000  |  -0.03669742 0.00000000  -0.02503899 0.00000000  -0.00555788 
0.90000000  0.90000000  0.31500000  0.31500000  |  -0.03757686 0.00000000  -0.02546905 0.00000000  -0.00561134 
0.90000000  0.90000000  0.31500000  4.50000000  |  -0.03894940 0.00000000  -0.03229609 0.00000000  0.00000000  
0.90000000  0.90000000  0.45000000  0.04500000  |  -0.02870343 0.00000000  -0.02707185 0.00000000  -0.00539577 
0.90000000  0.90000000  0.45000000  0.31500000  |  -0.02947482 0.00000000  -0.02759553 0.00000000  -0.00548341 
0.90000000  0.90000000  0.45000000  4.50000000  |  -0.03005042 0.00000000  -0.03384578 0.00000000  0.00000000  
0.90000000  0.90000000  0.63000000  0.04500000  |  -0.02216133 0.00000000  -0.02950189 0.00000000  -0.00518762 
0.90000000  0.90000000  0.63000000  0.31500000  |  -0.02277778 0.00000000  -0.02996744 0.00000000  -0.00540889 
0.90000000  0.90000000  0.63000000  4.50000000  |  -0.02361757 0.00000000  -0.03657341 0.00000000  0.00000000  
0.90000000  0.90000000  0.81000000  0.04500000  |  -0.01780886 0.00000000  -0.03163514 0.00000000  -0.00501540 
0.90000000  0.90000000  0.81000000  0.31500000  |  -0.01853087 0.00000000  -0.03195980 0.00000000  -0.00522554 
0.90000000  0.90000000  0.81000000  4.50000000  |  -0.01885097 0.00000000  -0.03862430 0.00000000  0.00000000  
0.90000000  0.90000000  4.50000000  0.04500000  |  0.00000000  0.00000000  -0.05060238 0.00000000  0.00000000  
0.90000000  0.90000000  4.50000000  0.31500000  |  0.00000000  0.00000000  -0.05149381 0.00000000  0.00000000  
0.90000000  0.90000000  4.50000000  4.50000000  |  0.00000000  0.00000000  -0.05234756 0.00000000  0.00000000  
